256 25 78 25 78 0 
-1.066381 
0.745504 
-1.938571 
0.149754 
0.657646 
1.671667 
0.834641 
2.112338 
1.886996 
-0.501919 
-0.191209 
-1.300928 
1.181671 
-0.785580 
-0.897510 
0.522195 
1.399516 
-0.155483 
-0.625387 
0.345981 
-2.888130 
-0.069196 
-0.573132 
-2.000577 
-0.993443 
-1.070720 
1.214883 
0.940372 
-0.392385 
-1.449972 
-2.352059 
0.088367 
1.186080 
0.371151 
0.078241 
2.055534 
-0.070591 
-0.820670 
-1.346623 
-2.726689 
-0.084623 
3.063538 
-1.770149 
-1.611968 
-1.933076 
1.391461 
-0.273428 
0.011984 
-0.816768 
0.701195 
-0.629353 
-2.006757 
0.312992 
-0.298203 
-0.674607 
-1.821469 
2.527471 
0.643382 
-0.105484 
0.255145 
-0.418593 
-0.192533 
0.511891 
-0.805753 
-0.951235 
-2.293633 
2.881741 
0.496457 
-0.508014 
1.876541 
0.132373 
-0.251083 
1.012576 
-1.094648 
2.235222 
-1.337264 
-0.421284 
0.498823 
0.159365 
1.191387 
0.260515 
-0.207768 
-0.483475 
-0.004986 
1.093559 
-1.361476 
0.151489 
-0.936363 
-1.239610 
-0.365763 
0.701144 
1.432051 
-0.913910 
-0.823576 
-0.175132 
0.491016 
0.543267 
0.922099 
1.554530 
0.578941 
0.455790 
2.292669 
0.593652 
0.523487 
-0.658352 
-0.352291 
0.186082 
-1.180052 
0.290977 
-0.222701 
-1.975981 
0.222392 
1.169284 
-2.441840 
-0.031327 
1.769289 
0.009850 
-1.375271 
0.610034 
0.314090 
2.150458 
-0.092783 
-1.449258 
-0.482470 
0.481881 
0.162117 
1.796443 
0.583086 
-1.262472 
-0.490642 
0.271275 
0.521619 
0.266769 
-0.384688 
-1.337024 
-0.077257 
0.753567 
-2.142696 
-1.488717 
-1.353011 
1.462681 
-1.321011 
-1.347883 
2.226064 
1.122170 
1.474717 
-0.352805 
-0.051080 
-1.331828 
-0.565778 
0.431640 
1.870847 
0.888259 
1.048487 
-0.602767 
-0.679092 
2.215681 
1.048459 
-0.557363 
-0.540280 
0.129141 
0.462215 
0.891164 
-0.100438 
0.375421 
0.726307 
-0.904400 
0.993698 
0.700178 
-0.711194 
0.180680 
-0.440486 
0.521823 
-2.047038 
-0.009545 
-0.784525 
0.592106 
1.293102 
0.897074 
-0.037154 
-0.377029 
1.401666 
-0.095721 
-0.620525 
-1.223696 
-0.256984 
-0.429090 
0.411858 
0.449469 
0.424097 
-0.475376 
-0.741940 
1.277993 
0.258833 
-0.316467 
0.582038 
0.836778 
0.801286 
-1.184704 
0.543272 
-0.289919 
1.027884 
1.435231 
-1.044295 
0.478611 
-0.163072 
2.192730 
1.568842 
0.020175 
-1.158718 
-1.106831 
-0.883562 
1.665196 
-1.270554 
0.653761 
0.845356 
0.494451 
1.579345 
0.108344 
-1.784831 
0.421004 
0.546644 
-0.245347 
-1.286695 
-0.570559 
-0.524222 
0.349873 
-1.188609 
-0.288706 
-0.506927 
0.046531 
1.250112 
1.193670 
-0.471688 
-1.682302 
-0.597856 
0.604739 
1.848434 
-2.730012 
0.223302 
-0.034874 
0.193510 
1.777184 
-0.914223 
-0.594740 
-0.143649 
0.386510 
-0.149368 
-1.218924 
-0.230469 
-2.282077 
-1.440064 
-0.896084 
0.446151 
0.344187 
-0.191799 
0.732226 
0.506728 
0.189742 
-0.560271 
-0.254356 
1.113360 
0.376720 
0.652338 
-1.335404 
-1.681092 
1.378200 
2.125608 
1.060896 
-1.415500 
-0.895574 
-0.176847 
0.030728 
0.886229 
0.238763 
-1.810283 
-1.117290 
0.290713 
-1.212812 
0.341551 
-0.360622 
-0.421595 
-0.990937 
0.470194 
0.139775 
0.451064 
0.272258 
1.064679 
2.573481 
-1.935102 
-0.594587 
0.956956 
1.812108 
-0.752126 
-0.742086 
0.551037 
-0.779051 
-0.496613 
1.714188 
0.448995 
-0.864042 
0.270343 
0.543838 
-0.313466 
1.210216 
0.517287 
0.050324 
-0.896320 
0.844410 
0.572017 
1.518830 
-0.620658 
0.774751 
1.237837 
-0.567188 
-0.218512 
0.569019 
-0.103865 
-0.255532 
-0.175807 
-1.623494 
-0.507322 
0.942661 
0.829000 
0.037883 
-1.168963 
0.763573 
-0.551496 
-0.835965 
2.037613 
0.326952 
1.056397 
0.168514 
1.440384 
-1.408007 
1.152644 
-1.575324 
-1.063174 
0.480916 
0.847453 
-0.672168 
0.020189 
-1.387422 
-2.159835 
0.779799 
-0.682241 
0.181947 
-0.307789 
1.497845 
-1.168527 
-1.159602 
0.273763 
-0.287749 
0.320170 
1.790466 
-0.164105 
-0.147039 
0.225207 
-0.143083 
-0.644467 
0.885051 
-1.774025 
-0.445469 
-0.155829 
-0.226939 
-0.450750 
-0.180552 
-0.143783 
-1.376643 
0.225963 
-0.959620 
-0.323779 
1.391966 
0.352105 
-0.584202 
-0.260051 
0.612115 
-0.489658 
0.161554 
0.757733 
0.259142 
-0.878542 
0.159585 
-1.038866 
0.705293 
0.133289 
0.646386 
-1.158899 
0.349706 
-0.552942 
0.146043 
-0.789990 
0.242474 
-0.703911 
-0.195030 
-0.105207 
-1.080531 
-0.529649 
-1.116656 
-0.072533 
-0.168924 
-0.513655 
-1.310186 
0.515424 
-0.236133 
-1.480443 
0.438853 
-0.161484 
-0.271370 
1.365321 
-0.345008 
-0.528779 
-1.122294 
1.252176 
-0.514702 
0.024499 
0.907878 
-1.408428 
-1.036010 
0.611902 
0.709209 
-0.561044 
0.709003 
-0.661902 
-0.538501 
-0.375232 
0.370182 
-1.277263 
0.167626 
1.281798 
1.286091 
1.661600 
0.246769 
-0.169880 
0.023540 
0.046787 
-1.576386 
0.816175 
-0.684979 
0.575170 
0.112585 
2.270445 
-0.397152 
-0.115920 
0.457939 
-0.781717 
-0.260255 
0.301631 
-1.482573 
-0.366248 
0.800737 
0.502110 
-0.773183 
1.003543 
-1.256030 
-0.702270 
0.019788 
0.779354 
0.385787 
0.632849 
0.128828 
-0.402500 
-0.563423 
0.689146 
-0.218244 
1.280451 
0.998883 
0.809226 
-0.660170 
0.225840 
-0.054387 
-0.819320 
0.185857 
-0.055966 
1.349026 
-0.791532 
0.368164 
0.338822 
0.844781 
-0.864899 
-0.537395 
1.126105 
0.744495 
-0.045248 
0.801206 
0.449027 
1.514992 
-0.898406 
1.175807 
0.708283 
-0.052220 
0.229865 
-0.072035 
-1.031457 
-0.811792 
-1.215029 
0.885931 
-2.254555 
0.979278 
0.225970 
-0.233001 
1.701212 
-0.404567 
-0.119733 
1.096569 
1.519400 
-0.574054 
0.111494 
0.126769 
-1.052688 
-1.895172 
1.344806 
-1.428806 
-0.470239 
-0.470177 
1.066594 
1.176708 
0.471333 
-1.227717 
-0.556529 
1.423172 
0.756284 
-0.905325 
0.691899 
1.597868 
-0.057955 
0.924270 
0.444885 
0.010714 
1.637209 
1.468558 
-1.292851 
-0.151146 
0.113486 
0.887494 
-1.086672 
0.235360 
-0.694722 
0.026183 
0.092005 
0.029939 
-0.073868 
-0.767367 
3.295591 
0.070164 
0.460362 
0.168451 
-0.870878 
-1.527299 
0.752747 
3.416727 
2.973061 
0.526673 
0.599157 
-1.127782 
-0.726934 
1.508708 
-0.119148 
-1.262715 
0.177134 
-1.406088 
-1.051963 
-0.288370 
0.318685 
1.140161 
0.262584 
-0.214854 
-1.471009 
1.290009 
0.238923 
0.860379 
0.009630 
0.465360 
-1.131076 
-0.939301 
0.821419 
-1.137426 
1.301090 
-0.321651 
-0.510004 
0.055227 
0.233685 
0.145335 
-0.722593 
-1.671520 
0.065257 
-0.005310 
0.239033 
0.212508 
1.491141 
1.240067 
0.181318 
0.820641 
0.495056 
-1.326066 
0.433268 
1.020897 
-1.203830 
-0.222337 
0.758082 
1.330298 
1.541270 
-1.412709 
0.803742 
0.436964 
-0.521979 
0.854702 
1.565026 
0.233380 
-1.098171 
0.047486 
-0.017735 
-1.129526 
1.295784 
-2.150728 
0.324561 
-0.364104 
1.664504 
0.319778 
-0.692570 
-0.013314 
-0.672797 
0.856371 
-0.479831 
-0.262616 
0.474625 
-0.943449 
0.344611 
-0.755294 
-1.183543 
0.065042 
1.175056 
0.429829 
-0.406377 
0.114167 
-0.034283 
1.212263 
1.054142 
-0.362102 
-0.860673 
0.479243 
-0.281468 
0.172342 
-0.506002 
-0.142464 
0.604575 
0.613976 
0.378897 
-0.458651 
-0.742727 
-0.740294 
-0.462909 
-0.170783 
-0.254198 
0.683577 
-0.218491 
1.789853 
0.835669 
0.977240 
-0.681883 
-1.192226 
-0.306158 
0.698874 
1.634616 
-0.240491 
-0.224453 
0.287313 
0.823174 
-0.511038 
-1.038536 
-0.552855 
0.634534 
-0.352083 
0.552436 
-0.079583 
-0.357167 
0.617056 
0.970646 
0.790109 
0.361914 
-0.580115 
1.077907 
-0.106690 
0.271643 
0.321570 
-1.365296 
-1.136148 
1.356201 
0.374665 
-1.100948 
-0.925859 
-0.118683 
0.665128 
0.241221 
-1.521048 
-0.857267 
-0.289066 
0.110530 
-0.004260 
-0.204600 
-0.489731 
-0.375823 
-0.363820 
1.030993 
0.202232 
-0.009857 
0.589541 
-0.456240 
0.928910 
-0.954920 
-0.053623 
-0.247139 
0.113265 
0.571409 
-0.274735 
-0.060247 
0.839866 
1.738161 
-0.244394 
-0.332225 
-0.930795 
-0.755597 
-0.101246 
0.535387 
-0.067709 
-1.893057 
0.986782 
-0.856429 
0.176385 
1.259264 
-0.338184 
1.235505 
0.445154 
-0.036574 
-0.531869 
0.149095 
0.531574 
0.310082 
0.521298 
0.418683 
0.144805 
0.009189 
-1.683119 
-1.497019 
-0.451028 
0.329901 
-0.466257 
1.302978 
1.016654 
-0.712693 
-0.790501 
-0.881743 
-0.013581 
1.105661 
0.798810 
-0.383844 
-0.626303 
-0.972308 
0.452946 
0.007622 
0.496898 
0.148602 
-0.181885 
0.646624 
-0.292682 
0.576206 
0.084515 
0.209959 
-1.134943 
-1.156022 
-0.269125 
0.367963 
1.143518 
1.027796 
0.568784 
0.539683 
-0.044941 
-0.209546 
0.151691 
-0.418981 
-0.728027 
-0.777361 
-0.901647 
0.603898 
-0.647521 
-0.072467 
0.015953 
-0.979809 
0.809263 
-0.071619 
0.162542 
0.248771 
-0.366355 
-0.777727 
-0.380569 
-0.749540 
-0.901552 
-0.370924 
-0.790309 
0.034835 
1.030949 
1.692805 
-3.035355 
-0.049719 
-1.507691 
-0.012515 
0.378632 
-0.075603 
-0.302210 
1.720199 
-0.220640 
1.084960 
-0.931140 
0.871067 
0.379708 
0.470365 
1.195976 
-0.240574 
-0.468003 
-0.241394 
0.391701 
-0.804943 
0.295503 
0.745136 
1.359475 
-0.072149 
2.614815 
-2.040542 
0.241607 
-1.924507 
1.604822 
-0.429406 
-1.047201 
-2.130815 
0.478522 
0.212412 
-0.106724 
1.007692 
1.096448 
0.483391 
1.773308 
1.661091 
1.246662 
-2.241524 
-2.435094 
-1.228076 
-0.056652 
-0.151945 
0.365795 
2.467763 
0.095516 
0.834018 
-2.477543 
-0.629439 
-0.687707 
-0.346985 
-1.454397 
-0.402612 
0.227062 
-0.272204 
0.343132 
-0.995601 
1.243626 
1.595064 
-0.720124 
3.304738 
1.408479 
1.629037 
0.137052 
1.531235 
-0.957573 
0.634668 
-1.835647 
-0.931488 
-0.844424 
0.467838 
0.611272 
-1.164136 
0.581360 
-1.699382 
-0.597320 
1.684848 
-0.309273 
-1.110024 
0.488715 
0.613245 
-0.492730 
1.198613 
-1.320786 
-0.625445 
0.441192 
0.502152 
1.489732 
-0.023096 
1.666297 
-1.928563 
0.826401 
-1.226735 
-0.668390 
0.492393 
-0.480469 
-0.833499 
-1.432345 
0.673826 
-0.760261 
-1.675394 
2.038988 
-0.248945 
-0.127652 
-0.639063 
0.587686 
0.995583 
0.406675 
-0.923653 
0.713833 
0.391216 
1.328618 
0.939968 
-1.615498 
-0.487471 
-0.082254 
-0.875618 
-0.299947 
0.895898 
-0.048791 
-0.175047 
1.716940 
-0.125455 
0.236846 
-0.322232 
-1.081349 
-0.364756 
-1.262586 
-0.191536 
0.868735 
0.219570 
1.077320 
1.267120 
-0.479947 
0.463281 
0.051866 
0.943101 
1.175250 
1.361013 
-0.425047 
-0.587473 
-1.051107 
0.113569 
-0.083491 
-0.640629 
2.480886 
0.917896 
-2.124337 
0.157135 
-0.517334 
-0.423417 
1.801034 
-1.039474 
-1.009160 
0.299962 
0.633228 
0.902617 
-0.792498 
-0.748173 
1.380025 
-2.269610 
-0.275054 
0.115695 
1.847514 
-1.044949 
0.830094 
-0.394131 
-2.246226 
0.918207 
0.004245 
0.319210 
1.345023 
-0.620314 
0.353123 
-2.113549 
-0.222619 
-0.000899 
-0.183100 
0.210958 
0.336091 
0.546212 
0.715347 
0.690700 
0.375219 
0.322741 
0.113505 
-0.527696 
-0.129856 
-1.191292 
-0.220772 
0.248940 
-0.882506 
-0.782825 
0.389340 
-0.315131 
2.087882 
-0.768204 
-0.802172 
-1.029401 
-0.915234 
-0.630062 
0.175010 
-0.619827 
0.142095 
-0.197282 
0.546640 
-1.071004 
-0.772401 
0.086577 
0.219786 
0.886765 
-0.435704 
0.106425 
0.074042 
-0.587430 
-0.028804 
0.044008 
0.561110 
0.959987 
0.535167 
0.546516 
0.946214 
-0.922351 
-0.132946 
0.276109 
0.099340 
0.135109 
-0.105127 
0.181708 
0.668467 
0.660720 
-0.685785 
-0.414692 
-0.657863 
0.191809 
2.299344 
0.296998 
-0.925517 
-0.929644 
-0.655768 
1.226103 
-0.534124 
0.300593 
-0.502987 
-0.048370 
1.066639 
-0.259754 
-0.300003 
-0.612400 
-0.484271 
0.953272 
0.946982 
-0.163367 
1.234894 
-0.800793 
0.517422 
0.892083 
0.138614 
0.045198 
-0.225066 
0.989965 
0.393580 
-1.620948 
-2.066008 
1.144350 
-0.114921 
0.322054 
1.419397 
0.043809 
0.588202 
0.893672 
-0.200145 
-1.876285 
0.191099 
-0.542371 
0.147199 
0.016476 
0.957005 
1.032246 
-0.800954 
0.165195 
-0.143583 
0.014678 
0.923752 
1.106879 
-1.433450 
0.967039 
0.371835 
0.718897 
0.416726 
-0.164517 
-0.236833 
0.086013 
0.490916 
0.350094 
0.266163 
0.432632 
0.350817 
-0.249303 
-0.122340 
-0.793818 
1.127836 
1.227103 
0.663908 
0.624695 
0.170387 
0.077417 
-0.323695 
1.195199 
-0.457748 
0.504967 
0.509053 
0.435476 
-0.005770 
-1.051232 
-0.709371 
-0.491342 
0.287155 
1.126606 
-1.302052 
0.272152 
0.627111 
0.348035 
-0.130948 
0.257897 
-1.124198 
1.408993 
-0.132689 
-1.568794 
0.745896 
-0.625564 
-0.320663 
1.470076 
1.855950 
0.936286 
0.640724 
-0.919433 
-0.091061 
-0.972712 
0.426723 
0.408375 
-0.295731 
-0.079042 
0.550091 
-0.638642 
-0.791757 
0.295624 
0.104388 
0.716732 
0.184385 
0.246779 
0.578323 
0.794128 
-0.740114 
-0.391060 
-0.913847 
0.556742 
1.137532 
0.755364 
0.764408 
0.717930 
0.287902 
-0.986162 
0.351712 
0.108024 
-0.769779 
-0.184189 
0.794119 
0.419046 
0.081655 
0.131287 
0.185369 
-0.580864 
0.793283 
0.157291 
0.157609 
-0.700881 
-1.207680 
-1.042802 
-0.654087 
-0.299956 
0.477828 
0.519755 
0.186464 
-0.745402 
-0.821562 
0.430247 
1.123642 
-0.739037 
-0.013694 
0.369425 
0.454955 
-0.096572 
-1.116506 
0.367385 
-0.227428 
-1.010531 
-1.815326 
0.710480 
0.644117 
0.303455 
-0.344223 
-0.248913 
-0.488734 
0.952251 
-1.562617 
0.838842 
0.086966 
0.022838 
-0.088620 
0.207378 
0.695429 
1.164146 
0.479715 
-0.300011 
0.140846 
-0.843336 
-0.643487 
-0.727695 
1.061098 
-0.600179 
1.660186 
-1.033872 
-0.230942 
-0.895538 
0.664857 
0.004812 
0.901320 
0.930151 
0.905847 
-1.128533 
-0.276801 
-0.121148 
0.101655 
1.623094 
1.957311 
0.411574 
0.610355 
-0.066704 
-0.619039 
-1.436927 
0.372690 
0.384338 
-0.567360 
0.908313 
-2.099994 
2.015857 
0.124641 
-0.954181 
-0.744446 
-0.237490 
-1.269057 
-0.241560 
-1.266994 
0.778444 
-1.314459 
-0.563864 
0.463472 
0.588300 
-0.451403 
1.914708 
2.249863 
0.930605 
0.162301 
-1.639603 
0.300970 
0.319988 
0.221579 
-2.183740 
-0.207126 
-0.338778 
0.314412 
0.743031 
-1.346959 
0.428455 
-0.569638 
0.692209 
-0.544255 
-1.394038 
0.392646 
-0.912978 
-1.925192 
0.431251 
0.439843 
1.191218 
1.381359 
0.728867 
0.474375 
0.504094 
0.544323 
-1.034913 
-0.037641 
-0.201715 
-1.776779 
-0.015111 
0.777419 
-0.732967 
-1.020753 
-0.537203 
-0.117163 
-2.251928 
0.412555 
-0.778706 
-2.053246 
0.829444 
-0.518837 
-0.120873 
0.478682 
0.535529 
1.410977 
0.155988 
-1.307421 
1.371810 
0.230291 
0.020191 
0.453864 
-0.651431 
0.038254 
-0.226077 
1.080675 
-0.866487 
0.691946 
-1.946877 
0.168152 
0.348962 
-1.740330 
2.161751 
-1.882383 
-1.536947 
1.320600 
-0.175091 
-0.179093 
1.348212 
0.324097 
0.079441 
0.339110 
-0.232025 
1.132974 
0.355495 
0.174236 
0.006608 
-0.163592 
1.128233 
1.429670 
1.357491 
0.356551 
1.275458 
-1.306125 
0.026444 
0.844086 
0.496434 
0.409071 
-0.646303 
-1.119933 
0.235347 
-1.425104 
-0.202983 
0.952126 
-1.972170 
1.060170 
-1.593087 
-0.059605 
-1.692930 
2.174289 
-0.718434 
1.196142 
-0.946925 
-0.813490 
0.092392 
2.154722 
0.053807 
-0.659168 
0.239214 
0.265783 
0.807511 
0.821085 
1.290260 
0.168351 
1.137301 
0.713290 
-1.068398 
-0.306420 
0.197486 
0.754595 
1.295102 
1.600493 
0.178248 
-0.992255 
-0.542819 
-0.735444 
-1.153643 
-0.139205 
0.428059 
-0.143879 
-1.409658 
0.339530 
0.414340 
-0.716657 
0.866556 
0.066994 
0.728420 
0.685038 
0.211016 
0.665776 
0.375773 
0.072744 
-0.201386 
1.415014 
-0.818016 
0.855699 
0.748175 
-0.385320 
-1.184687 
-1.794333 
0.235359 
-0.436269 
0.943837 
-1.531904 
0.775715 
0.117932 
0.272396 
0.278338 
-0.693818 
0.173927 
0.419318 
1.037372 
0.691704 
-0.563501 
1.246178 
-0.021910 
-0.629389 
0.258076 
0.638728 
-1.154691 
0.989931 
0.628372 
-1.239708 
-0.921597 
-1.324793 
-0.982223 
-0.825831 
-0.238629 
-0.081192 
0.526461 
1.228223 
-0.334621 
0.870202 
0.125756 
0.776955 
0.032601 
0.527519 
0.417349 
0.274623 
-0.118932 
0.023455 
-0.256258 
-1.025266 
-1.511736 
1.533958 
0.669394 
-0.301543 
0.306493 
1.475071 
-0.489076 
0.568954 
0.232836 
-0.526815 
-0.168189 
0.742743 
1.750263 
2.222642 
0.017643 
-2.221802 
-0.413068 
-0.576001 
0.373167 
0.427420 
0.072438 
-0.148974 
0.332942 
0.303835 
0.139312 
-0.506886 
-0.568536 
0.917749 
0.844594 
1.055508 
-1.988420 
-0.678829 
1.004109 
0.444239 
-0.135497 
1.135314 
-0.351501 
0.562680 
-0.035391 
0.133029 
0.097062 
0.615820 
0.210631 
-0.308174 
0.889644 
0.752222 
0.529377 
-1.204348 
-0.248700 
0.298113 
0.536588 
-0.615503 
1.011979 
0.076010 
-0.013714 
-0.748901 
-0.072413 
0.297876 
0.513712 
0.196307 
-0.305314 
-0.057541 
-0.120621 
0.291883 
1.142325 
1.042882 
0.615134 
-0.118610 
-0.392152 
0.190265 
-0.357558 
0.722742 
-0.203878 
-0.582363 
0.434350 
1.075770 
1.068456 
0.609149 
-1.120557 
0.606903 
-1.205212 
0.064934 
-0.614566 
0.538695 
-1.226049 
-0.581423 
-0.790659 
0.531016 
-0.263727 
0.590552 
-0.064476 
0.266988 
0.755555 
-0.879697 
-0.226847 
0.060874 
-0.975538 
-0.272895 
0.227110 
-0.905277 
-0.119722 
-0.340293 
0.847864 
0.433763 
-0.618139 
0.073757 
0.021837 
-1.104576 
-0.607440 
-0.058461 
0.895577 
-0.018360 
-0.388572 
0.712740 
-0.372181 
-0.124415 
-0.861342 
-0.030568 
-0.319096 
-0.103429 
-1.088471 
0.343986 
-0.356631 
0.389451 
0.707999 
0.143987 
0.060405 
-0.889411 
0.867033 
-0.448065 
-0.611612 
-0.051638 
-0.073920 
-1.158502 
-1.116639 
0.809302 
0.282920 
0.370068 
-2.383135 
-1.220462 
-0.849286 
0.378076 
-0.565837 
1.075788 
-0.846239 
0.943715 
0.239138 
0.891369 
-0.817611 
0.336958 
0.876429 
-0.143811 
-1.223038 
0.916691 
-1.429144 
-0.417416 
0.193074 
0.295197 
-0.869429 
0.107122 
-1.082290 
0.161218 
0.232173 
-0.703857 
-1.876923 
1.412880 
-0.830881 
-0.245842 
1.796996 
-0.528377 
1.132058 
1.478386 
0.497035 
-0.096463 
-0.628521 
-0.669131 
-0.089319 
1.096580 
-1.206534 
-0.057119 
0.364355 
0.185121 
-0.526396 
-0.215413 
0.501595 
-0.136127 
0.065605 
0.776557 
1.232801 
0.602055 
1.194702 
0.058773 
-1.082037 
1.054203 
1.482064 
1.884015 
-0.217506 
0.955407 
-0.209184 
-0.369538 
1.168842 
0.871388 
-0.198563 
0.385131 
2.212569 
-1.018696 
-0.243522 
-1.004829 
-1.274304 
-0.008443 
0.069655 
-2.197120 
0.361005 
0.600939 
-0.520575 
-0.733510 
0.614815 
0.807408 
0.077848 
0.452202 
-0.257619 
-0.211111 
0.003996 
0.452747 
-1.305110 
0.073584 
-0.328731 
1.538169 
0.485834 
-0.619951 
0.009471 
0.051620 
-0.973113 
2.327761 
0.873163 
-0.202626 
-1.859380 
-0.667524 
0.707824 
-0.157080 
-1.283045 
0.563675 
-0.198286 
1.205303 
-0.894538 
-1.030231 
-1.163816 
1.566251 
0.629038 
-0.939058 
0.214105 
0.112071 
0.426789 
-0.093865 
-0.676932 
0.925138 
1.120351 
1.774051 
-0.659020 
0.316483 
0.859188 
-0.898533 
0.059489 
-0.282746 
-0.693580 
0.252244 
1.357129 
0.297471 
0.530327 
-1.119365 
-0.429974 
-1.768159 
0.979152 
-0.656630 
-0.649875 
0.518039 
-0.797311 
1.107912 
-0.705284 
-0.537771 
0.312607 
-0.156781 
-1.093061 
0.633436 
-0.702277 
-0.455835 
0.451056 
1.200854 
-1.514282 
0.538453 
1.169941 
0.769439 
0.655416 
-1.462197 
0.097939 
-0.774259 
0.466024 
0.009046 
0.211178 
-1.349249 
0.814754 
0.797356 
0.571233 
1.693514 
0.989768 
-0.423638 
-0.087301 
-0.698125 
-0.574642 
-0.619799 
-0.413797 
0.181264 
-0.069897 
1.582098 
0.413366 
0.928468 
0.646166 
-0.398875 
-1.377039 
-0.179429 
0.246777 
0.505276 
1.801297 
-0.900280 
0.092416 
0.712966 
0.365464 
-0.097801 
0.784864 
-0.780709 
-0.509622 
-1.026078 
-0.502006 
-0.371604 
-0.989795 
-0.597038 
-1.383395 
0.340993 
-1.419635 
0.384396 
0.291890 
1.481462 
0.385798 
-0.397109 
1.826723 
-0.811409 
0.458466 
0.229725 
0.799411 
0.213990 
-0.049150 
1.115470 
1.811606 
1.166069 
-0.451600 
-1.776502 
0.593081 
-0.406047 
-0.448289 
-0.542396 
-0.493704 
1.622035 
-0.102041 
2.510912 
0.070695 
-0.188040 
0.605827 
-0.403044 
-1.301754 
0.827059 
0.945330 
-0.265590 
-0.070352 
-0.254133 
-1.284845 
-0.239148 
0.558439 
1.744253 
-0.230358 
1.562380 
0.462008 
0.329970 
-1.857202 
-0.074937 
-0.167048 
0.175660 
0.553005 
-0.781013 
0.473642 
-0.538274 
-0.298009 
-0.165028 
-0.291933 
-1.152812 
0.783717 
0.738441 
0.989252 
0.633852 
-1.249402 
0.314846 
-0.442871 
-0.784358 
1.224121 
-0.048101 
-0.335982 
-1.593551 
1.036736 
1.859237 
-1.237251 
-0.187904 
-0.092875 
-0.561134 
0.472654 
0.432410 
-0.718056 
0.239418 
0.853473 
-1.533605 
-0.010265 
-0.567652 
-1.097870 
0.816944 
0.223290 
0.382110 
1.072999 
-0.163056 
-1.081025 
0.477231 
-0.731830 
-0.152569 
-1.163376 
1.007861 
-0.103185 
0.218689 
1.107223 
1.045301 
-0.229047 
0.155953 
0.901591 
1.443757 
-0.194347 
-0.398861 
-1.291593 
-1.622690 
0.745267 
0.627483 
-0.926546 
1.116036 
0.570296 
-0.439452 
1.146130 
0.346976 
-0.596776 
0.158727 
0.246861 
0.540074 
-0.915043 
0.427472 
0.481706 
-0.853355 
1.316472 
-0.264894 
0.001295 
-0.094456 
0.454731 
1.205450 
1.120966 
0.409921 
-0.239645 
0.473702 
-0.765494 
0.338832 
0.639948 
0.202301 
-0.385621 
-0.845234 
-0.210471 
-0.015183 
-0.928331 
0.821754 
0.061800 
-1.158125 
0.734365 
0.560585 
-0.631759 
-1.353381 
-0.138496 
-0.232484 
-0.148925 
-0.529168 
-0.077408 
-0.573069 
-0.824444 
-0.409982 
-0.210603 
-0.020437 
-0.702583 
0.062324 
0.298607 
-0.773191 
0.809928 
-0.646149 
0.634408 
0.597250 
-0.126871 
-0.479933 
0.626196 
0.319152 
-0.428074 
0.585074 
0.466309 
0.604938 
0.629225 
-0.018911 
-0.256305 
-0.550614 
0.300956 
0.739491 
0.384511 
-1.075924 
0.236290 
-1.043520 
-0.189897 
0.143933 
-0.239747 
0.325119 
-0.203986 
0.439083 
-0.641712 
-0.704490 
0.730513 
-0.642943 
-0.636050 
0.056119 
0.406498 
0.723345 
0.332982 
0.372872 
-1.793679 
-1.421045 
-0.720875 
-0.880238 
0.005903 
-1.425357 
1.590650 
-0.544181 
1.014115 
0.365856 
1.911653 
0.580493 
-0.044983 
0.388207 
2.065515 
-1.233139 
-1.228964 
0.117672 
0.645790 
-0.021581 
1.274267 
-0.832780 
-1.784353 
-1.185696 
-2.659862 
-1.899337 
-1.216952 
0.076688 
-0.661360 
0.449906 
-0.164357 
3.614694 
2.922006 
-0.284384 
0.186638 
1.244032 
0.136104 
-0.656944 
-1.158338 
0.371505 
-0.847631 
-1.933765 
0.645143 
1.262853 
0.230860 
1.451963 
-0.193769 
0.313115 
1.325906 
-0.932922 
-0.203171 
-1.089785 
-0.677029 
0.154309 
-0.432190 
1.176821 
1.396122 
1.667045 
-0.503015 
-0.295292 
0.888284 
0.418552 
-0.909877 
-1.707626 
0.752452 
-1.355538 
-1.571260 
0.297223 
0.877875 
-1.401568 
2.970508 
-0.654052 
-0.068689 
1.530854 
0.695625 
1.020631 
-0.863175 
-0.601913 
-0.645305 
-0.196068 
-0.639805 
0.671681 
1.076807 
0.201773 
-0.439342 
0.588540 
-0.552626 
-1.156638 
-0.662443 
1.636876 
-0.128086 
-0.650526 
0.401926 
0.265432 
-0.953341 
1.020192 
0.597665 
-0.745799 
-0.249645 
-1.289694 
0.192247 
1.158941 
0.097803 
0.178420 
0.810838 
-0.253777 
0.910667 
0.300128 
-1.214233 
1.362902 
0.786108 
-1.035290 
-1.194947 
-1.099134 
-0.016578 
0.501861 
-0.855062 
-0.124272 
-0.027845 
1.209964 
1.071240 
0.424455 
0.359905 
0.380660 
-2.481642 
0.461983 
-0.302448 
3.281693 
0.662535 
1.543611 
-0.601908 
0.185760 
-0.707365 
-1.146767 
0.852384 
1.647364 
-0.023119 
0.746648 
0.638923 
0.468562 
-0.516379 
0.156694 
0.409981 
-0.773222 
-1.042825 
1.225686 
0.773220 
0.016704 
0.060567 
-1.899089 
-1.159461 
0.903539 
2.927419 
-0.941782 
1.356143 
-1.333045 
-2.283609 
-0.601914 
0.821618 
1.598970 
0.276668 
-0.995124 
-0.849078 
0.970008 
0.606077 
0.107145 
-0.184762 
1.762448 
-2.133070 
0.177966 
1.049011 
-0.540658 
0.992168 
-0.085334 
-0.247977 
-0.292634 
1.062488 
1.918950 
0.195471 
0.260637 
-0.971242 
0.310944 
-1.172299 
0.198399 
2.255576 
0.221275 
0.099181 
-1.644285 
1.363036 
0.065765 
-0.194380 
-0.508431 
1.138808 
-0.421204 
1.027607 
-1.008516 
0.679970 
1.938109 
0.479506 
-0.147526 
-0.343186 
0.981481 
-0.143074 
-0.513257 
0.101849 
-0.376783 
-1.097511 
-0.859181 
1.517113 
0.930689 
0.653100 
1.012968 
0.261914 
0.981391 
0.862847 
-0.021485 
1.161759 
-0.633899 
0.860552 
0.292110 
-0.482231 
-0.770783 
0.957291 
-0.281734 
-0.473528 
0.642788 
0.719373 
1.331563 
0.207190 
0.966735 
0.723531 
0.900892 
-0.392456 
0.981572 
1.362262 
-0.300486 
-0.237503 
-2.730410 
0.181341 
0.378012 
-1.193278 
0.248839 
-0.317167 
0.173325 
-0.295344 
-2.398521 
-0.270884 
0.945074 
-0.108639 
-0.667977 
0.982122 
0.030294 
-0.224716 
0.254568 
-0.913286 
1.681136 
2.110353 
-1.515582 
0.985523 
1.252716 
-0.543788 
0.309447 
-0.652820 
1.096351 
0.350808 
-0.790394 
-0.406412 
-0.232696 
-0.034407 
-0.033667 
-1.864766 
-0.256055 
0.721459 
1.370612 
-1.083312 
0.552790 
0.206025 
0.513033 
0.314806 
-1.377033 
-0.401347 
1.425883 
0.098878 
1.682467 
0.978580 
-0.373922 
0.098941 
0.413926 
-1.340426 
1.476894 
0.191737 
0.773332 
-0.275470 
1.058047 
0.029673 
-0.217899 
0.485125 
1.693476 
0.426072 
-0.448148 
1.489015 
-1.160841 
0.145307 
0.096092 
-0.604937 
-1.584828 
-0.463517 
-0.609506 
0.587094 
-0.254849 
-0.752936 
-0.834072 
-1.697394 
-1.351746 
0.600840 
1.379563 
0.369923 
-1.212057 
0.673377 
-0.165267 
1.419961 
-0.100913 
0.236587 
0.597676 
-1.146305 
1.010303 
0.601306 
0.815076 
0.301747 
0.681079 
0.362891 
0.222351 
0.449535 
0.741644 
0.725724 
-0.184077 
-0.041476 
0.371160 
0.227396 
1.186586 
-0.291476 
0.555499 
-1.591610 
-0.895196 
0.725809 
1.274634 
-0.800325 
-1.241177 
-0.106804 
1.238012 
0.418480 
0.029332 
-0.069701 
-1.096148 
0.795868 
0.093460 
0.406866 
0.712173 
-0.626900 
0.344218 
0.214282 
1.036506 
0.530522 
0.097087 
0.381284 
0.477429 
0.599870 
-0.196325 
0.126831 
-0.169789 
-0.885763 
0.563068 
-0.819823 
-0.845313 
-0.884274 
-0.975791 
1.081556 
-0.401491 
-0.322460 
0.097017 
-0.235489 
0.616253 
0.594357 
0.342844 
-0.838972 
0.517827 
-0.401705 
0.454036 
0.690413 
0.047088 
-0.671300 
-0.100229 
0.319551 
-0.832031 
-0.955883 
-0.298540 
0.384989 
0.827935 
0.382468 
-0.288261 
-2.224643 
1.006383 
0.305031 
-0.799231 
-1.428656 
-0.698625 
0.647416 
1.159575 
1.440361 
0.794243 
0.271855 
0.795955 
0.274650 
0.011958 
1.344795 
0.802341 
-0.784955 
1.348754 
0.113205 
0.175913 
-0.091504 
0.505090 
-1.169740 
-0.201455 
-0.032295 
-1.568884 
-0.123211 
1.668820 
-0.177788 
-2.001620 
0.191432 
2.054929 
0.262832 
-0.749538 
-1.879562 
-0.271173 
-0.292135 
-0.218657 
-0.827877 
0.792366 
0.920221 
-0.851550 
1.919260 
0.838982 
0.498227 
1.155041 
0.877743 
-2.000065 
1.530698 
-0.358111 
-0.298261 
-0.890847 
-0.595628 
-0.018720 
-0.635924 
-1.247779 
0.235097 
0.945039 
0.105148 
-0.689039 
1.396820 
-0.144492 
-0.960599 
0.526313 
1.019268 
-0.111420 
-1.521547 
0.006368 
0.447576 
-0.701420 
2.906393 
-0.508508 
0.461000 
-0.219092 
-0.881908 
0.718759 
-0.433489 
0.873561 
-0.498685 
0.024046 
0.564749 
0.674165 
0.170062 
0.215474 
0.783352 
-0.310728 
-0.976832 
-0.392246 
-1.259865 
-0.273066 
0.168672 
-0.155971 
0.238577 
0.965015 
-1.166330 
1.830847 
-0.820983 
0.987543 
-1.220940 
1.239150 
-1.652658 
-1.487140 
0.460340 
0.510863 
-0.049105 
0.537907 
0.147474 
-0.390128 
-0.728698 
0.851798 
-1.298683 
-1.142335 
0.560010 
-0.425961 
0.951815 
-0.036379 
1.081662 
-0.212604 
-0.750087 
0.979948 
1.318150 
0.620280 
-0.042422 
0.079811 
-0.081162 
-0.323985 
0.971586 
1.030653 
-0.393155 
-0.264707 
0.687871 
1.538482 
0.321290 
0.356914 
-0.848245 
1.601961 
-0.987949 
-1.027117 
-1.207651 
0.444916 
-0.466476 
0.183237 
-0.511673 
0.065294 
0.345944 
0.684530 
0.229201 
-0.280447 
-0.071335 
-0.367395 
0.615708 
2.339267 
1.920329 
0.215704 
0.803045 
-0.545245 
0.197217 
-0.325069 
0.976057 
0.421736 
0.757282 
-1.353319 
-0.373144 
-0.513287 
0.899088 
0.037201 
0.743580 
-0.514777 
-1.437128 
0.208826 
0.719626 
-0.512759 
-1.203005 
-1.658750 
-0.543222 
1.571672 
1.035129 
2.036994 
-1.003305 
-0.532515 
-0.146932 
0.024207 
-0.035228 
-0.650056 
0.740678 
-0.052978 
-1.466060 
-0.115611 
-0.154803 
0.173498 
1.678189 
0.199612 
1.154757 
-0.732475 
-0.220964 
0.473467 
0.761659 
0.449676 
-1.405070 
-1.091678 
0.456079 
0.333169 
-0.031160 
0.128054 
-0.560223 
1.385574 
-1.066145 
-0.197401 
1.932185 
-0.913834 
0.529934 
-0.580567 
-0.562749 
1.338182 
1.294313 
-2.303574 
0.327187 
-0.524619 
0.624031 
0.837773 
-1.466469 
0.085556 
-0.156445 
-0.231488 
0.187621 
-0.789454 
-0.257333 
0.688733 
0.427843 
-0.926320 
1.069619 
-2.639919 
-0.621729 
0.229088 
1.798766 
-0.403446 
-0.574718 
1.116840 
0.498032 
0.346386 
-1.077687 
-0.557944 
-1.313437 
0.091608 
1.791251 
0.679863 
0.137325 
0.375821 
-0.548739 
-0.615198 
0.119542 
-0.020251 
-0.643169 
0.678050 
0.257093 
0.041192 
-1.620682 
-0.770582 
1.244755 
0.285744 
-0.546071 
0.650079 
0.441465 
-0.295128 
0.327898 
1.310068 
0.221301 
-1.752403 
0.826744 
0.113519 
0.419291 
0.857962 
0.519365 
-0.013314 
-0.272014 
-0.454677 
0.569988 
0.721875 
0.596045 
-1.453653 
-0.425487 
0.915259 
0.678402 
1.059075 
-0.245356 
0.564054 
-0.461377 
0.208593 
-1.244304 
1.154795 
0.302828 
-0.228014 
-1.714691 
0.500338 
0.689268 
0.223289 
-0.431613 
1.612141 
1.417260 
-0.652726 
-0.037459 
-1.375293 
0.578417 
0.255825 
-1.247258 
-1.241670 
-0.294551 
0.811522 
0.021582 
1.265972 
0.477704 
0.810214 
-0.453417 
0.394471 
0.228764 
0.026663 
0.727410 
-1.168810 
-0.408005 
0.813983 
0.741313 
-0.730668 
0.193338 
1.326165 
0.016947 
0.177157 
-0.250839 
1.435410 
-0.740441 
-0.160514 
-0.031641 
0.225777 
-0.138707 
0.752139 
-0.231321 
0.562685 
0.709678 
-1.334254 
0.709750 
-1.167925 
-0.069078 
-0.047801 
0.405000 
-1.535711 
-0.384713 
0.671551 
-0.978579 
-0.746847 
1.077611 
0.639562 
0.804199 
-0.368495 
1.203150 
0.792027 
-0.948292 
0.022204 
-0.462604 
0.204549 
0.111400 
0.756067 
-1.018294 
-0.386148 
-1.133837 
-0.156399 
0.456174 
-0.472392 
-0.236039 
-0.150234 
0.226302 
-0.776138 
0.039052 
0.705815 
0.205044 
-0.367275 
-0.945821 
-1.019892 
1.380387 
-0.605053 
-0.654669 
0.435696 
-0.819563 
0.536988 
0.556264 
0.770212 
0.942761 
-1.122363 
0.236594 
-0.633608 
0.571631 
-0.746249 
0.645580 
0.554236 
0.170013 
0.805786 
-0.080122 
-0.900836 
-0.933117 
0.866540 
0.057843 
0.445087 
-2.029442 
0.352623 
0.964373 
-0.020548 
0.395822 
0.953135 
1.295252 
0.328639 
0.917135 
0.975827 
-1.766331 
0.339961 
0.407309 
1.013984 
0.660844 
0.126327 
1.435338 
1.149135 
1.826840 
0.466549 
-0.911818 
0.557676 
0.092441 
-0.784525 
-0.047717 
-1.584028 
-0.898176 
1.519563 
0.513617 
-0.225752 
0.384874 
0.199899 
1.404488 
-0.510300 
-0.641896 
-0.653951 
-0.314370 
0.202836 
1.446831 
0.050260 
0.815035 
0.760000 
0.716798 
-0.181260 
-0.944649 
0.405052 
0.503532 
-0.229787 
-0.371955 
-0.366585 
-1.053211 
-0.016257 
-1.148082 
0.692941 
0.471952 
-0.209732 
1.477532 
0.167677 
0.747720 
0.650199 
-1.772273 
0.626271 
0.709126 
0.942986 
-0.743594 
0.009654 
0.114199 
-0.021355 
1.616613 
0.800684 
1.778316 
-0.791730 
0.576808 
-0.868148 
-1.458794 
-0.862263 
0.045447 
-0.369871 
-0.242929 
-0.991953 
2.868355 
-1.103924 
0.317203 
0.467775 
1.098472 
-0.097680 
-0.757873 
1.874637 
-2.689631 
-1.421139 
-0.381006 
-0.372653 
-0.385867 
1.601860 
-0.380773 
1.759214 
-1.021920 
1.529853 
-1.515919 
0.377440 
-0.639941 
0.240229 
-0.228759 
0.559646 
-1.656130 
1.106906 
-0.686393 
-0.671106 
1.489233 
1.302312 
0.389340 
-0.800969 
1.125537 
-0.896291 
-0.078809 
-0.731204 
-0.268361 
0.480374 
1.875430 
1.070414 
1.365288 
-0.318021 
2.498847 
-0.999370 
-0.090190 
-0.657300 
0.798309 
-0.022048 
0.270546 
-0.161499 
1.943064 
-0.320224 
-1.154849 
0.664655 
0.138666 
0.368929 
-0.419504 
0.164920 
-0.763128 
0.735358 
-0.596565 
0.041192 
-0.587967 
-0.015985 
2.964252 
0.692621 
0.355653 
0.789219 
-1.015243 
0.008564 
1.012097 
1.827840 
-0.021954 
-0.008301 
-0.265719 
2.329335 
0.359730 
-0.409705 
-0.136728 
1.064947 
0.893319 
0.036489 
-0.153145 
-0.974431 
0.104456 
-1.833768 
0.406626 
2.230372 
0.693532 
0.309899 
0.574510 
-0.423137 
0.372503 
0.032841 
0.341984 
1.140198 
0.087705 
0.593932 
-0.220874 
-1.316819 
1.785852 
0.952045 
-0.285194 
1.637286 
0.571956 
-1.261810 
0.058367 
0.469115 
0.160151 
-0.409157 
-1.304388 
0.350341 
0.160259 
-0.348962 
0.823248 
-0.126557 
-0.346583 
-0.439713 
0.462797 
-0.367373 
0.349953 
-0.345118 
0.192852 
0.823310 
-0.798162 
0.613454 
-0.422758 
-0.094218 
-0.048104 
1.111343 
-0.508715 
-1.349522 
0.291864 
-0.658221 
0.984613 
1.796164 
1.259264 
-0.187659 
0.732616 
-0.711201 
0.302483 
-1.104019 
-0.309335 
0.728625 
-1.089912 
0.855151 
0.162153 
1.345931 
0.953894 
-0.470808 
-0.765573 
-0.368368 
0.001337 
-0.507899 
0.566855 
1.489816 
0.218386 
-0.093091 
0.062688 
0.880170 
1.017112 
0.169075 
-0.567068 
-0.054751 
0.103626 
0.448906 
-0.194522 
0.485063 
-0.554926 
-1.232465 
1.574820 
-0.957647 
0.780126 
1.678655 
-0.608946 
1.322523 
-0.794929 
-0.505718 
-0.604749 
-1.135837 
0.112285 
-0.687712 
0.960451 
-0.185724 
0.572341 
1.231096 
-0.882798 
-2.484506 
0.458133 
-0.058050 
0.918501 
0.551649 
-0.538470 
1.268668 
-1.566004 
0.328904 
-0.512797 
0.496426 
-1.078473 
0.296305 
-1.922541 
-0.987535 
0.608923 
-0.416166 
0.579030 
0.554414 
-1.165698 
0.154198 
0.128577 
0.077169 
-0.463390 
0.779058 
0.084015 
-0.350312 
-0.070125 
1.205462 
0.526320 
-0.426498 
-0.661586 
-0.542817 
1.487057 
-0.407196 
-0.146839 
-0.981143 
-0.879953 
-0.734462 
0.540154 
0.517917 
0.042969 
0.762858 
0.099089 
0.461845 
0.701365 
-1.184410 
0.120905 
1.079818 
-0.496344 
0.550262 
0.620537 
0.159971 
-0.212875 
-0.763350 
-0.289619 
-0.289596 
-1.375341 
0.238017 
-0.848160 
1.154038 
-0.051439 
-0.967318 
-0.573929 
-0.083896 
0.570361 
0.620391 
0.739664 
-0.377418 
-0.278595 
0.170429 
-1.000143 
-0.177414 
-0.623024 
0.256308 
0.161761 
-0.802501 
0.354820 
1.105470 
-1.299871 
0.332950 
0.751848 
0.932232 
1.192735 
0.912358 
-0.580956 
-0.950170 
-1.168442 
-0.597635 
-0.489750 
-0.615851 
-0.840049 
1.247194 
-0.281120 
-0.010238 
-0.783781 
-0.668898 
-1.026142 
0.842141 
0.401715 
-0.651904 
0.336983 
0.639340 
0.366407 
0.435533 
-0.512379 
-0.149423 
1.254340 
-1.036909 
0.035156 
0.920515 
0.583987 
1.005039 
0.964307 
0.160457 
0.406418 
0.765762 
0.827540 
0.507642 
-0.639074 
-0.778050 
-0.618754 
-0.542364 
0.992551 
0.153041 
0.749806 
-0.462227 
-0.964459 
0.330914 
-0.812942 
0.523703 
0.802223 
0.539488 
0.541584 
-0.672192 
1.730707 
0.422088 
-0.056270 
0.826477 
1.164562 
-0.125358 
0.346892 
-0.207495 
-1.167301 
-0.005201 
-0.887112 
-0.973543 
-0.894792 
0.118907 
1.722530 
0.546348 
0.408064 
0.111836 
-0.311684 
-0.062962 
0.280461 
-0.237607 
-0.093415 
0.543542 
-1.235154 
1.978722 
0.029869 
-0.307163 
-0.149171 
-1.112144 
0.947198 
0.095685 
0.376028 
0.773728 
-0.228210 
1.372246 
0.025346 
-1.509246 
1.279369 
-0.143048 
1.628536 
0.288997 
-0.374843 
-0.831687 
-0.315564 
0.087135 
-0.363190 
-0.428002 
0.473964 
0.884330 
-0.279471 
-0.366737 
1.264562 
-1.902487 
-0.426671 
0.666322 
1.943337 
0.492630 
-0.853822 
0.229471 
0.590851 
0.300206 
0.777394 
0.993690 
-0.337388 
-0.381623 
-0.456119 
-1.334394 
0.046466 
-0.230353 
1.202830 
-1.858437 
-0.686228 
-0.067910 
0.807489 
1.560895 
-0.817516 
0.329790 
2.088392 
0.300000 
-0.703577 
0.603090 
-0.340194 
-2.162843 
0.650842 
-0.622710 
0.251920 
1.421915 
-1.825996 
1.022885 
-1.648409 
1.543864 
-0.331193 
-0.851386 
0.271883 
0.083935 
-0.555568 
-0.578550 
-0.380420 
-0.419688 
0.230966 
1.467614 
-1.242593 
1.155674 
0.510288 
-0.571975 
0.556524 
-0.389464 
-0.395699 
-0.518491 
0.306449 
0.511876 
0.407816 
-0.229361 
-0.711115 
0.089020 
1.461859 
0.325378 
-1.692326 
0.607091 
-1.337499 
-0.823745 
1.321641 
0.202433 
0.611173 
-1.624997 
-1.566687 
0.149242 
1.913747 
1.362758 
-0.057529 
-0.972228 
0.459799 
-0.602537 
-0.726886 
-1.151182 
0.363140 
-0.260925 
0.292822 
-1.141179 
0.004460 
-1.271077 
1.826484 
-0.033241 
-0.401176 
0.060847 
-0.793600 
1.654280 
0.818183 
0.856104 
-0.302052 
-0.274761 
0.143772 
1.658391 
0.666779 
0.444676 
-1.502402 
1.757219 
-0.150112 
-1.087562 
-0.251066 
-0.685576 
0.488377 
-0.295667 
0.562294 
2.180044 
0.233777 
0.893417 
0.083404 
0.671101 
-0.466055 
0.180379 
1.036498 
-2.623087 
-0.508894 
-0.421890 
0.022593 
-1.161702 
1.107340 
-1.254898 
-0.083496 
-0.278150 
0.545215 
-0.693349 
0.105906 
0.511832 
-1.281849 
-0.575790 
-0.484773 
-0.216217 
0.831058 
0.113263 
0.576513 
0.656674 
0.959444 
-0.515157 
1.367711 
-1.551054 
-0.674361 
0.524063 
0.892836 
0.536386 
-0.448442 
1.635293 
1.220924 
-0.741081 
-1.405646 
1.125398 
-0.153780 
-0.311237 
1.076699 
-2.218546 
-1.488936 
0.191971 
0.076874 
0.675060 
0.592127 
-0.241650 
1.195598 
0.397242 
-1.278039 
0.617212 
0.308305 
-1.696265 
-0.580653 
0.265258 
-0.433263 
-0.730896 
1.367041 
-2.136646 
-0.290252 
0.016217 
-0.274862 
0.094709 
-0.595374 
-0.871846 
-0.954421 
-0.037771 
1.869996 
0.871731 
0.341763 
-0.034422 
0.226687 
1.913577 
0.460234 
-0.012732 
0.999634 
-0.023568 
-0.374481 
-0.493030 
0.612271 
1.359662 
-0.308866 
0.676916 
-0.169437 
-0.394650 
-0.313694 
-0.532451 
1.108194 
-0.240877 
-0.237460 
0.018684 
0.270299 
1.539705 
0.217001 
0.637083 
0.868213 
-0.126918 
0.792455 
-0.048009 
-1.426340 
1.662222 
-1.549106 
-0.628208 
-0.063958 
0.649466 
0.381891 
-0.488794 
-1.824738 
-0.308238 
-0.312024 
-0.906793 
-0.931270 
0.025931 
-0.591128 
0.466179 
0.401398 
0.152801 
0.438044 
-0.027955 
-0.461151 
1.304962 
1.618925 
-0.053926 
0.284289 
-1.307646 
0.842981 
-1.131391 
-0.342287 
-1.113373 
1.187681 
0.081680 
-1.093799 
0.292596 
0.627822 
0.316435 
0.646191 
0.699016 
0.928202 
-0.882026 
0.524888 
0.402364 
-1.361380 
0.221405 
-0.458252 
0.550256 
-0.724018 
0.305322 
-1.092356 
0.656656 
-1.420788 
0.387556 
-0.252190 
1.416292 
0.716502 
0.632385 
0.884591 
-0.023238 
0.329503 
1.093868 
0.619969 
0.786961 
0.329324 
1.028990 
0.694489 
-0.581764 
0.139133 
-0.454072 
-0.807161 
-0.585436 
-0.155770 
-1.089145 
0.485111 
1.077246 
-1.200686 
0.369609 
0.198789 
-0.396909 
0.845759 
-0.691409 
-0.953627 
0.434841 
0.015149 
0.652744 
-0.124284 
0.157231 
-0.469350 
0.464893 
-0.953482 
-0.454859 
-0.264771 
-1.255752 
0.485697 
-0.738170 
0.930747 
0.081848 
-0.313982 
-0.356934 
1.116672 
-0.174255 
-0.411163 
-0.313278 
0.300781 
-0.516899 
-0.037813 
0.027987 
-0.352409 
-0.013472 
0.644325 
-1.196227 
0.145610 
0.369181 
0.825708 
-0.532133 
0.234645 
-0.376417 
-0.894645 
0.753600 
0.808589 
-0.858729 
-0.639390 
-0.066196 
-0.696931 
0.497939 
-0.203283 
-0.833609 
-0.341663 
0.673414 
1.066699 
-1.341075 
1.070071 
0.263441 
1.748243 
1.379882 
0.043680 
-0.723183 
0.242584 
-0.787348 
-0.566527 
-1.126603 
-0.404748 
-0.576613 
0.818396 
0.069128 
0.423008 
-0.997026 
0.866764 
0.504794 
-0.705015 
0.258457 
-0.764058 
-0.882859 
-1.630813 
1.018155 
-2.391818 
0.191883 
0.875087 
0.231494 
-1.241583 
-0.795665 
1.451206 
1.317989 
-0.428165 
0.396557 
-0.677776 
0.572958 
0.428559 
0.402299 
0.589691 
-0.316674 
1.462069 
0.388769 
-0.710801 
0.191298 
-0.147388 
0.949644 
-0.429046 
-1.433562 
-0.649548 
-0.914525 
-0.278753 
-0.223304 
1.668081 
0.520491 
-0.951360 
0.887175 
-0.171246 
0.747262 
-0.092719 
1.745692 
-0.354488 
-1.600737 
0.331898 
0.022902 
0.179382 
0.534576 
0.362133 
-0.120256 
-0.851306 
-0.463409 
-0.761834 
-0.840919 
0.320221 
-0.619636 
0.290763 
0.486501 
0.887730 
0.223885 
2.111668 
-0.108940 
-0.035244 
0.310860 
-0.010605 
-0.037864 
0.707551 
-0.275281 
-0.341617 
0.522718 
-0.370970 
0.260000 
-0.301789 
-0.907743 
0.602708 
-0.245865 
0.372291 
-1.126109 
-0.647588 
-1.010294 
0.999025 
0.963671 
-0.479209 
-0.516733 
0.696599 
1.426394 
0.672397 
0.873856 
-0.191605 
-1.457747 
-0.836385 
0.056942 
0.672527 
0.359720 
1.039462 
-0.815202 
0.356912 
0.896295 
-0.447312 
-0.444060 
0.629166 
0.319423 
-0.706539 
0.030896 
-0.167163 
1.015471 
0.533457 
0.228891 
-0.141145 
1.519717 
-0.493169 
-0.881230 
0.843462 
0.321736 
-1.803325 
-0.604290 
-0.620104 
-1.225609 
0.132323 
-0.549075 
-0.651636 
0.230374 
-0.046540 
-0.558342 
0.302355 
0.762859 
-0.482207 
0.307317 
-0.049161 
2.005793 
0.818972 
-0.013594 
1.068122 
1.535075 
-0.600584 
1.965917 
0.441914 
-1.796305 
-0.314961 
-1.823452 
0.924149 
-1.292436 
0.590001 
-0.294984 
-1.200498 
0.348483 
-1.092593 
0.855896 
-1.029520 
0.262707 
1.329791 
-0.594634 
-1.687034 
0.286706 
0.385980 
1.456481 
0.027744 
-0.445244 
1.111343 
-0.340115 
1.841558 
-1.955118 
0.743176 
-0.005501 
-0.449273 
1.818700 
-0.094924 
0.494980 
-1.214544 
-2.534324 
0.518403 
0.435798 
-0.117957 
-0.326979 
-1.109470 
2.479746 
-0.501836 
0.140241 
0.044091 
0.124247 
0.785800 
-0.768422 
-1.040733 
0.343543 
-0.007589 
0.417727 
0.288193 
-1.088575 
-0.038520 
-0.138390 
-0.530638 
0.245973 
-0.255140 
-1.703534 
-1.373492 
-0.686249 
0.356955 
-0.560047 
0.984224 
-0.587149 
2.282767 
-0.034776 
-1.256100 
0.637928 
0.243010 
-0.009771 
0.147282 
-0.078307 
0.330736 
0.044617 
0.223654 
0.153111 
-0.532481 
0.023141 
-0.728284 
0.916087 
0.198880 
1.242870 
-0.495336 
-1.525684 
0.952024 
-0.116362 
-0.794545 
-1.520262 
0.462119 
0.093012 
-0.713648 
-0.544688 
0.931140 
-0.682180 
-0.121337 
1.959010 
0.308722 
0.675199 
-0.244155 
0.469420 
0.083056 
-0.264947 
-0.254555 
-0.544012 
0.618107 
-1.102826 
1.181348 
-0.106738 
-0.801594 
0.454277 
0.279245 
-0.973573 
0.429983 
-0.248350 
0.084274 
-0.769883 
-1.046998 
1.584040 
-1.502540 
0.415135 
-0.907931 
-0.163149 
-0.368397 
-0.220342 
0.076855 
-0.744803 
0.788801 
-0.622196 
-1.067766 
0.227462 
-0.686444 
0.292598 
0.347133 
-0.544552 
-0.536942 
1.079058 
0.827773 
1.716792 
-0.085306 
-0.891579 
0.274643 
-0.742183 
1.117091 
-0.756340 
1.019268 
-0.901291 
0.110680 
1.144007 
0.503564 
-0.956249 
0.618804 
-0.511110 
0.096635 
-0.940851 
0.321168 
-0.460190 
-0.221549 
-0.873284 
-0.709459 
1.904043 
0.776584 
0.421366 
-1.087122 
0.223142 
-0.810172 
-0.232198 
-1.408415 
1.114169 
-0.689238 
1.359303 
0.586804 
1.281574 
-0.575235 
-0.943347 
0.664218 
0.523644 
0.279068 
0.918008 
0.336968 
0.564277 
-0.440636 
-0.242198 
0.249885 
0.448482 
0.716427 
-0.161515 
0.904445 
-0.357510 
0.222069 
0.899766 
-0.583582 
-1.489655 
0.980394 
0.265572 
1.231087 
0.956140 
0.842096 
-0.408358 
-0.241520 
-0.643662 
-0.934667 
-0.359118 
-0.994810 
-0.007366 
-0.183755 
1.082683 
-0.742215 
-0.295042 
-0.106795 
0.754851 
0.692160 
1.417232 
-0.053117 
0.101590 
0.038232 
-0.588754 
0.857386 
0.476709 
0.443509 
-0.027344 
-0.402775 
-1.027251 
0.924119 
0.893599 
-0.109989 
0.489806 
0.115143 
-0.909974 
-0.288181 
-0.986573 
-0.522250 
-0.350480 
0.130643 
-0.477485 
0.441181 
-0.992177 
-0.234484 
0.772678 
-0.409704 
-1.074258 
0.240802 
-0.621132 
-0.987738 
-0.854600 
2.473539 
-0.340325 
-1.401651 
0.091453 
1.625841 
-1.005281 
-1.727623 
0.238192 
-0.682817 
-0.604956 
-1.168331 
-0.472867 
1.843014 
-0.195913 
1.292384 
-0.694052 
0.308957 
-0.139273 
-0.516181 
0.494027 
-1.237959 
-0.207587 
1.368829 
-1.858360 
-1.454888 
0.493366 
-2.464067 
0.299369 
-0.225282 
0.097299 
-0.172725 
1.560989 
0.148902 
0.264993 
0.543598 
0.736705 
-0.104408 
0.973899 
-1.421720 
-0.223894 
-1.149929 
0.233506 
0.847454 
-0.157239 
1.178834 
-0.730830 
-0.849958 
0.202125 
-1.373671 
1.151483 
0.010817 
-0.797545 
-1.043781 
1.140387 
-0.235401 
0.250818 
-0.181365 
1.042172 
-0.390826 
0.101672 
0.023818 
0.162403 
0.479755 
0.532969 
0.607035 
-0.913307 
-0.687468 
0.854660 
-0.034820 
-0.543326 
-1.278417 
-0.679203 
-1.310780 
0.852463 
1.468980 
0.764725 
-0.273951 
-0.319578 
0.664109 
1.501115 
0.884161 
-1.021549 
0.099295 
0.496453 
-0.721706 
-0.431470 
0.434113 
0.438080 
0.071035 
0.206463 
-0.782863 
-0.939379 
0.959695 
-0.776990 
-0.791215 
-0.162771 
-0.974101 
-0.394688 
0.515088 
-1.144596 
0.833196 
-0.438187 
0.575680 
0.190571 
0.818338 
-0.308748 
-0.816821 
-0.040660 
0.075374 
-0.750416 
0.634543 
-0.477594 
2.035132 
1.949855 
-1.437093 
-1.086925 
-0.152341 
1.462939 
0.251397 
-2.061854 
-0.084408 
-0.252996 
-0.294285 
-0.172998 
1.285313 
-0.280945 
-0.784071 
0.050562 
2.495783 
0.381722 
-0.529763 
-0.587900 
0.593989 
-0.651672 
-1.797915 
2.681659 
0.643613 
0.983947 
1.772624 
-0.980592 
-0.074943 
-0.430951 
-0.587935 
-1.183062 
-1.405207 
2.219961 
-0.483038 
0.929734 
-0.578619 
-0.319607 
0.156877 
-0.158157 
-0.271690 
0.460433 
-0.302934 
-0.133615 
0.165601 
0.891008 
-0.237820 
-0.218652 
0.802703 
-0.249654 
0.174098 
0.627896 
-0.671151 
0.008962 
0.265502 
1.341471 
0.079390 
-1.554572 
1.370433 
0.691871 
-1.231227 
-0.477171 
0.152321 
0.474786 
-0.373552 
0.291963 
0.336936 
-0.144073 
0.503486 
-0.699473 
-0.614589 
-0.233037 
-0.296423 
0.000991 
-0.807235 
0.111826 
1.676785 
-0.972028 
-0.443184 
0.002365 
0.968547 
0.904046 
-0.947510 
1.251737 
-0.189170 
0.066797 
1.040415 
-1.569251 
-1.598021 
0.936478 
0.069079 
-0.185519 
-0.368272 
-0.425756 
-0.596614 
-0.189733 
1.425658 
-0.182519 
0.630314 
-0.442445 
0.775351 
-0.633391 
-0.042896 
-0.749919 
0.436791 
0.329791 
-0.586940 
0.482399 
0.895043 
0.080759 
-0.976664 
0.929163 
-0.930773 
-1.111938 
-0.331269 
-0.382802 
1.546431 
0.998672 
0.283841 
1.186337 
-0.630465 
0.117485 
-0.950072 
-0.620706 
-0.094206 
-0.305449 
-0.286457 
0.083973 
0.183606 
-0.171508 
-0.273024 
0.002452 
0.030826 
0.357063 
0.676501 
-1.368124 
-0.341546 
-0.213288 
-1.103975 
1.211966 
0.931523 
-0.741915 
-1.159494 
-1.198546 
0.163769 
-0.234366 
0.259973 
0.154484 
-0.893071 
0.786625 
0.545616 
-0.475388 
-0.213965 
-0.596845 
0.371042 
0.487082 
0.621337 
2.928604 
0.896292 
0.902073 
-1.222507 
0.486155 
-0.394649 
1.075725 
0.397005 
-0.535641 
-1.124700 
-0.801589 
-0.435414 
-1.465024 
-0.445504 
-0.100022 
-0.919986 
-0.220565 
-0.454717 
0.607129 
-1.276729 
-0.377981 
-0.893652 
-0.057658 
0.862138 
0.274536 
0.925452 
0.909792 
-0.014310 
-1.305209 
1.081394 
-0.750300 
0.475926 
-1.480011 
0.666105 
0.021875 
-0.668100 
-1.036282 
-0.739045 
0.293531 
-0.138527 
-0.753677 
0.779914 
0.408849 
-0.000794 
0.215920 
-0.506733 
2.239863 
0.400558 
1.198119 
0.713808 
-0.197004 
1.205281 
0.365084 
-0.213008 
1.188134 
0.959958 
1.088157 
0.316007 
0.483808 
1.132870 
-0.414775 
-0.532826 
1.261694 
0.929377 
-1.051957 
0.098238 
-0.053375 
-0.339108 
-0.015053 
0.738020 
-0.057216 
-0.206122 
-0.525811 
-0.488039 
1.352801 
0.339171 
1.253910 
0.621858 
-1.321102 
0.558704 
0.615168 
-0.589593 
0.311930 
0.062472 
-1.055032 
-0.315663 
-0.449899 
0.281771 
-0.752459 
0.236023 
0.458453 
-0.077145 
1.149900 
-0.004846 
-0.145348 
-1.711236 
1.006539 
0.130807 
-0.278860 
0.758262 
-0.744729 
-0.306539 
-0.820922 
-0.135775 
0.358409 
-0.725468 
-1.010562 
0.317280 
0.857718 
-0.177343 
-0.663027 
0.245451 
-0.371317 
0.013253 
0.507910 
0.210185 
-1.083518 
-0.889080 
-0.712071 
-0.367999 
0.488686 
0.593526 
0.510223 
0.725885 
-0.196933 
-0.731349 
0.298741 
-0.485467 
0.466440 
0.673282 
-0.744808 
1.496708 
-0.617645 
-2.227237 
-0.409840 
0.839505 
-1.236305 
-0.640212 
0.039807 
-0.321907 
-0.032376 
-0.146264 
1.044979 
-0.351038 
-0.945345 
-0.131833 
0.038473 
-0.133557 
1.209897 
-0.245769 
1.180041 
0.389779 
0.384935 
-1.100837 
-0.945109 
-0.006610 
0.475940 
-1.260441 
-0.563090 
-0.250395 
2.012215 
-0.110404 
-0.849392 
0.230950 
0.911905 
-0.067849 
-0.790080 
-1.274239 
0.537050 
-1.701922 
-1.325974 
-0.894610 
-0.228740 
-0.649057 
-0.932714 
1.338337 
-0.537092 
-0.883652 
-0.033907 
-0.517698 
0.760681 
0.095549 
-1.145733 
-0.567505 
0.283474 
0.367601 
0.534858 
0.379805 
0.126476 
-1.547027 
-0.223102 
0.501526 
-0.071786 
0.037004 
-0.722155 
0.643488 
-1.349910 
0.612401 
-1.088083 
-0.004320 
0.257176 
-1.024962 
0.389584 
-0.130376 
-0.231160 
-1.333660 
-0.276519 
-0.445401 
-1.882719 
-0.479644 
-0.252637 
-0.360862 
-0.820929 
0.216596 
0.604997 
1.070801 
0.538137 
-0.254940 
-0.461100 
0.443767 
0.805595 
-1.223826 
0.005219 
0.324613 
-0.329130 
1.590600 
-0.222743 
0.941278 
-1.243432 
0.387713 
0.401011 
1.643143 
-0.946145 
0.221544 
0.030299 
0.538549 
0.970877 
0.620876 
-0.361244 
0.677254 
-1.046644 
0.696581 
-0.273001 
-1.022996 
1.781953 
1.272589 
-1.276608 
0.818838 
0.344124 
1.298585 
-0.164805 
-1.909553 
0.177449 
0.572270 
-0.119118 
0.113235 
1.067755 
-2.273009 
-0.261752 
0.721590 
0.307319 
0.011805 
-0.247213 
-0.273066 
-0.179154 
-0.097157 
0.921983 
-0.622132 
-0.786165 
0.928783 
0.405302 
-1.467283 
0.944463 
0.214993 
0.610267 
-0.453070 
-1.741902 
-0.842068 
0.289053 
-0.399779 
1.110000 
1.430147 
-0.628942 
-1.390506 
0.637356 
0.235738 
0.920034 
-0.920059 
-0.043658 
-0.123142 
-1.021493 
0.931055 
-0.943556 
-1.015102 
0.543468 
0.361806 
-2.412109 
-0.369926 
0.493482 
1.087675 
0.224065 
-1.279481 
-0.910679 
0.441824 
1.262885 
-0.245014 
-1.534264 
-0.483050 
-0.989713 
1.254397 
0.083132 
0.834265 
0.880908 
0.169678 
0.371536 
-0.361799 
0.904171 
-0.752013 
-1.138302 
1.211342 
-1.436179 
-1.141220 
0.152102 
0.311816 
0.175871 
-0.505638 
0.762650 
-0.427885 
-0.437908 
0.948922 
0.335361 
-0.725450 
-0.138597 
0.758802 
-0.372591 
1.430454 
0.299190 
-0.995007 
-0.226905 
1.017376 
-1.544366 
-0.313215 
-1.565443 
0.205758 
-0.017551 
0.103968 
-0.246717 
-0.720705 
-0.198465 
0.897743 
1.103523 
-0.085434 
0.149059 
-1.533143 
1.057464 
0.656861 
-0.251899 
1.423654 
-0.506949 
0.857297 
-0.741359 
-0.619656 
1.024873 
0.547496 
-0.163201 
-1.291387 
0.249359 
-0.017949 
0.111786 
-0.295324 
-2.084292 
0.550023 
0.278690 
0.252983 
0.001932 
0.313236 
-0.817279 
0.764498 
-1.001481 
-0.487795 
0.976514 
-0.674029 
-0.141568 
0.478426 
-0.043844 
-0.236457 
-1.796190 
-0.005933 
1.049150 
-0.277654 
0.037971 
0.357933 
0.437841 
0.888178 
-0.448599 
-0.822895 
1.151509 
0.397865 
0.053691 
-1.020599 
1.475993 
-0.619958 
0.394570 
-1.611454 
0.341752 
-0.644135 
0.166640 
-1.026310 
-1.076301 
0.403153 
-1.013699 
0.253590 
1.092691 
-0.356765 
1.381592 
-1.114868 
1.034542 
0.951547 
-0.559350 
-0.416496 
0.011667 
0.268691 
-0.220290 
0.652808 
0.145956 
0.960771 
-0.044432 
-0.415268 
-0.948814 
0.445092 
-1.397878 
-0.995627 
-0.855578 
-0.422929 
-0.321698 
-1.595864 
-0.574427 
0.232893 
-0.065416 
-0.452983 
-0.682818 
1.334898 
1.207476 
-0.220557 
-1.081317 
-0.320519 
1.484398 
0.013539 
-0.156563 
0.273497 
-0.170966 
-0.573204 
0.375276 
-0.932712 
-0.901348 
0.508292 
0.465054 
0.706514 
0.563624 
0.529293 
-0.344944 
0.563764 
0.856366 
0.978240 
0.442294 
-0.363975 
-0.392669 
-0.310690 
0.642724 
-0.030340 
-0.251580 
0.038685 
-0.226752 
-0.897273 
0.028395 
0.055189 
0.373896 
-0.724160 
-0.295858 
0.510007 
0.266378 
0.548550 
-0.432202 
0.799783 
-0.518990 
-0.225799 
-0.962097 
-1.040920 
-0.934220 
-0.544608 
0.727419 
-0.387345 
-0.404781 
-0.263094 
-0.284191 
-0.782170 
0.061824 
-0.133583 
0.356469 
-0.115747 
-0.899776 
0.580834 
0.513018 
0.446949 
-0.748315 
0.022318 
-0.722041 
1.172626 
0.268075 
0.260469 
0.773878 
0.719638 
-0.630908 
-1.093636 
0.045155 
0.174606 
-0.292271 
0.205272 
0.026270 
0.346101 
-0.845561 
-0.459073 
0.874479 
0.163958 
0.437614 
-0.403308 
0.409080 
-0.734929 
0.557168 
-0.404343 
0.340189 
0.024026 
0.108592 
-0.439119 
-0.222731 
0.460947 
-0.597527 
-0.297277 
-0.001020 
-0.253955 
0.279979 
-0.075739 
0.593386 
0.161486 
-1.352048 
0.545952 
-1.706069 
0.184644 
0.441153 
-0.218920 
0.187943 
0.772635 
0.636654 
-0.817315 
-1.615307 
1.595327 
0.461786 
-0.346059 
-1.571609 
-0.001103 
1.437237 
0.815656 
-0.632174 
0.223857 
-0.134603 
-0.114592 
-0.689759 
0.444720 
-0.224829 
-0.871128 
1.180818 
-1.993874 
0.225028 
-1.311072 
0.404398 
2.845262 
-0.712819 
0.633334 
0.768967 
-1.498183 
-1.968051 
1.822126 
1.704470 
0.307394 
-0.048210 
0.425618 
0.968476 
1.271027 
-1.076317 
0.422680 
-0.899212 
-0.506368 
-1.229603 
0.315684 
-1.304960 
0.864025 
0.354432 
-0.298651 
-1.943170 
0.935907 
1.410998 
-1.822315 
0.126448 
-0.102861 
0.494532 
-1.127917 
0.923783 
-0.918596 
2.309345 
0.479554 
-0.665907 
0.800566 
0.697550 
-0.155738 
0.845800 
0.072910 
0.719225 
-0.144632 
-0.009034 
-0.003844 
-0.914038 
-0.170230 
-1.619175 
-0.132862 
-0.541897 
0.045623 
-0.336282 
-0.115970 
-0.027317 
1.053761 
0.905272 
-0.085404 
1.853827 
-0.559155 
0.231819 
-1.871139 
-1.851105 
1.142131 
1.087042 
0.880415 
-1.194957 
0.208675 
-0.001465 
-0.823389 
-0.844688 
1.468301 
0.344334 
-0.183712 
-0.476818 
0.576732 
1.784836 
0.096913 
0.087971 
-0.148061 
-0.853049 
-0.629633 
-0.225880 
-1.101126 
-0.264868 
0.711539 
-0.453549 
1.479201 
-0.019794 
-1.096211 
0.938735 
0.957525 
1.296155 
-0.506665 
-0.766607 
0.654430 
1.188748 
-1.572685 
-0.656691 
-0.366928 
-0.032048 
-0.686083 
0.231895 
0.917932 
0.401068 
-1.186377 
1.240845 
-1.373024 
1.094992 
-0.190212 
0.306267 
-0.095129 
-0.312611 
0.152464 
0.827522 
-0.074806 
-0.567586 
-0.044112 
0.227797 
-0.682087 
-0.663564 
1.223327 
-0.886698 
0.962465 
0.567635 
1.465060 
-0.069965 
-1.714978 
0.538788 
-1.255684 
1.376922 
0.291088 
-0.801752 
0.586762 
-0.618240 
0.499335 
-0.497978 
-0.319275 
0.509892 
-1.168608 
0.332240 
0.285406 
0.270246 
0.082401 
-0.267475 
0.316860 
-0.408239 
-0.356057 
1.179059 
-0.078899 
0.362253 
0.446155 
-0.354746 
0.609573 
0.060839 
0.510172 
1.001299 
1.355152 
0.492090 
-0.163858 
-0.695131 
-0.713804 
0.033529 
0.010097 
-0.727775 
1.517683 
-0.481374 
0.204346 
-0.900704 
0.986906 
1.507250 
-1.331159 
-0.454591 
0.683737 
0.175688 
-0.625423 
-0.394501 
-0.136962 
-0.887613 
-2.049425 
0.987873 
-0.333880 
-0.323439 
0.926523 
1.086037 
-0.369223 
0.568193 
-0.018794 
-1.287564 
-1.040671 
-0.247379 
-0.626552 
-0.051726 
0.116099 
1.291441 
-0.490798 
-0.609308 
-0.654952 
-0.973988 
-0.913476 
1.210721 
0.414270 
0.736590 
-0.442186 
-0.082590 
0.927538 
-0.669373 
0.092380 
-0.325930 
-0.246818 
-0.233231 
-0.067611 
0.604258 
-0.796289 
-0.033135 
0.777494 
-0.156090 
1.330128 
0.811577 
-0.338366 
-1.158826 
-0.481477 
-0.765253 
-0.417824 
-1.035495 
-1.324673 
1.518824 
0.818235 
0.282665 
-0.758368 
0.429708 
0.114490 
0.394325 
0.843057 
0.047059 
0.427740 
-0.434845 
-0.431483 
-0.351571 
1.020453 
0.487916 
-0.694884 
0.898204 
0.439392 
-0.409573 
-0.178490 
1.140696 
-1.567192 
-0.297694 
-0.490231 
0.097449 
0.118312 
0.758029 
0.084995 
-1.021500 
0.185563 
0.129443 
-1.353393 
-0.244684 
-0.021760 
-0.724698 
-0.508515 
0.082200 
0.107771 
-0.253026 
-0.113949 
-0.940076 
1.410192 
0.618752 
0.210518 
-0.536825 
0.778979 
1.013825 
-1.221111 
-0.311395 
0.351422 
-0.371382 
-1.921560 
-0.972097 
-0.264608 
-0.396508 
-0.370548 
-0.268124 
-0.090806 
0.703997 
-0.686853 
-0.116911 
-0.491463 
-0.235371 
-0.585256 
0.130483 
0.222363 
0.062360 
0.192993 
0.792896 
1.093366 
-0.309805 
1.377911 
-0.736232 
-0.608916 
-1.053206 
0.659908 
-3.136537 
0.682496 
-0.795513 
-0.619757 
0.534888 
-0.125969 
-0.653852 
1.104335 
0.571983 
0.433907 
-0.957179 
-0.492961 
0.557269 
-0.243538 
0.291040 
-0.428933 
1.107643 
-0.008551 
0.285479 
-0.456592 
0.927760 
-1.491969 
0.987134 
0.296573 
0.624250 
-1.415714 
0.293446 
-0.251335 
0.305862 
0.380551 
-0.713955 
0.410785 
0.653403 
-0.423078 
-0.788609 
0.437481 
0.006753 
-0.782365 
0.125798 
-0.035661 
0.175382 
0.199001 
0.351262 
0.853542 
-0.441400 
-0.644690 
-0.678389 
-0.384987 
0.455645 
0.422356 
0.474134 
0.071104 
-0.935372 
0.220980 
-0.120107 
1.145350 
-1.105779 
2.015082 
-0.757023 
-1.152913 
-0.586893 
-1.164448 
0.495842 
-1.880211 
-0.273397 
1.222912 
0.839197 
0.223688 
-3.061624 
-1.116859 
1.961021 
-0.009033 
0.167465 
-0.101483 
-2.129286 
2.821848 
0.371400 
-0.618217 
1.772935 
1.200947 
0.672322 
1.968279 
0.245242 
-0.595466 
-0.396086 
-0.008841 
-0.906205 
-0.271045 
0.100258 
-1.392541 
0.693490 
-0.258158 
0.825289 
-1.878981 
-1.309396 
-0.062875 
-0.032177 
-0.228278 
0.086135 
0.535586 
-0.099310 
-0.048734 
0.917369 
0.472510 
0.679568 
0.286999 
1.059940 
2.546148 
-1.147270 
-0.579053 
-0.795503 
-0.603384 
-0.508154 
0.625791 
-1.311751 
0.937341 
-0.506770 
-1.371112 
1.567940 
0.718487 
0.379816 
-0.381877 
0.101103 
-0.527065 
-0.213768 
-0.520997 
0.063529 
0.522155 
0.465103 
1.043163 
0.487625 
-0.547678 
-0.464949 
-0.417019 
0.266642 
-0.250278 
-0.080048 
-0.615565 
-0.059988 
-0.097894 
-0.940655 
-0.902267 
1.384491 
1.151181 
0.880919 
2.021117 
1.043039 
0.344094 
0.236856 
-0.063982 
0.213662 
-0.467167 
-0.048663 
0.540245 
0.010890 
-0.163946 
0.160079 
0.819914 
-0.713362 
-0.533145 
-1.223557 
0.649734 
-0.787598 
-0.459738 
0.462914 
-0.097524 
1.502967 
-1.531351 
-2.255801 
-0.733440 
1.894171 
0.087188 
-0.379853 
-0.254779 
2.365847 
0.822620 
0.385253 
-0.260248 
0.828004 
1.536924 
0.532178 
-0.325006 
-1.691520 
-0.497969 
0.083844 
0.230023 
0.615107 
0.767659 
1.082064 
-0.204165 
0.634231 
0.321953 
-1.496217 
-0.086922 
-0.224837 
-0.307820 
-1.199727 
-0.084424 
0.091196 
0.705408 
-1.466681 
-0.628389 
0.107000 
-0.131613 
0.123968 
-1.804151 
-0.425746 
-1.254897 
-0.488881 
-0.606387 
-1.390597 
0.643905 
0.988340 
0.451904 
1.012132 
1.341685 
0.066931 
-0.347670 
-0.709955 
1.876969 
-1.268155 
-1.250349 
-0.263195 
-0.015475 
-0.543183 
-0.318488 
0.123568 
-0.186164 
1.348699 
0.298458 
-0.385704 
-0.951961 
0.718495 
-1.229805 
0.880753 
1.393900 
-0.557257 
0.430672 
0.789254 
0.677683 
0.838324 
1.056384 
-1.373771 
0.022093 
-0.220789 
1.422513 
0.168274 
-0.243081 
-0.540507 
-0.069020 
-0.358158 
-0.966097 
0.498574 
-0.322059 
0.326892 
-0.169881 
-1.882277 
-0.951424 
-0.765369 
0.007918 
0.971559 
-0.414709 
-0.975122 
1.319121 
-0.597108 
0.537178 
-0.197350 
0.966421 
0.143815 
-2.109486 
-0.000927 
-0.681668 
-0.640968 
0.110606 
-1.580873 
0.504124 
0.173337 
-0.003133 
0.417211 
-0.135293 
-1.351167 
-0.399476 
-0.853866 
-0.857139 
0.473116 
1.260721 
-0.485138 
-0.089228 
1.311990 
0.437255 
0.388430 
0.762572 
-0.374730 
2.259076 
-0.941630 
-1.176470 
-0.371892 
0.525180 
-0.662002 
0.725677 
-1.047647 
-0.598752 
-0.007170 
-0.205466 
-0.836864 
-0.428560 
-0.972162 
0.802532 
-0.327439 
1.168174 
0.396694 
0.951345 
0.006248 
0.960870 
0.513054 
1.022627 
0.150707 
-0.170568 
0.819676 
0.484501 
-1.371725 
-0.529599 
-1.028046 
-0.722993 
0.049606 
-1.581604 
0.639058 
-0.695185 
0.322113 
-0.270792 
-0.818158 
-0.432045 
-0.099064 
0.693168 
-0.324109 
-0.557359 
0.501376 
-0.266997 
0.988380 
-0.941793 
0.048611 
0.968818 
0.558695 
2.633318 
0.107947 
-1.307144 
-0.440203 
-0.445004 
0.779063 
-0.331969 
-0.057652 
-0.946140 
-1.172525 
-1.285809 
-0.087917 
0.273315 
-0.989330 
-0.181829 
0.266844 
1.659835 
-0.295353 
-0.320509 
0.011860 
-0.084804 
0.552428 
0.625876 
0.959137 
1.148832 
-1.285777 
0.397432 
-1.207610 
-0.570380 
0.071443 
0.010058 
-0.438807 
-1.655120 
-0.020218 
0.267471 
-1.279808 
0.580251 
-0.368033 
0.590598 
-0.050721 
-0.223832 
0.950669 
0.387241 
0.902796 
-0.475113 
1.104406 
0.749549 
-1.235154 
-0.148799 
0.897641 
0.204640 
-0.470416 
-0.615225 
0.073361 
0.052555 
0.055070 
0.131732 
-0.795427 
0.293051 
-0.461141 
-1.862105 
0.143285 
-0.152056 
-0.898948 
0.649924 
0.559413 
0.892543 
0.555250 
-0.278384 
-0.243380 
-0.649871 
0.946958 
-0.499861 
0.466759 
0.515262 
0.523345 
-0.213246 
-0.664035 
0.052788 
0.486963 
-0.552764 
0.478491 
-0.708098 
0.492288 
0.576427 
0.181044 
0.125679 
-0.028903 
-0.468040 
-0.747446 
0.434625 
-0.029857 
-0.438118 
-0.998258 
-0.440555 
0.800642 
-0.833105 
-1.143732 
0.537741 
-0.493854 
0.817792 
0.751477 
-0.484407 
-0.431009 
0.237480 
-0.940035 
-1.050217 
-1.014359 
-0.178760 
0.922713 
0.328442 
0.655415 
0.455272 
0.003388 
0.217570 
0.137650 
-1.607086 
-0.880586 
-0.686035 
0.334552 
-0.826458 
-0.056168 
0.157351 
0.153916 
0.555571 
-1.297294 
-0.499646 
-0.756943 
0.271473 
-0.764570 
-0.179728 
-0.265473 
0.258243 
0.507471 
-0.245635 
-1.757939 
1.455909 
-0.383631 
-0.557041 
1.058792 
0.802576 
-2.476753 
1.067087 
1.258388 
-1.273485 
-0.797809 
-0.646962 
1.065120 
1.081281 
0.040919 
-2.114579 
0.176873 
-3.550900 
0.264121 
-1.684727 
0.214194 
-0.743934 
-0.520360 
-1.153423 
-0.765566 
-0.761557 
1.159922 
-1.576218 
1.068368 
-0.883751 
-1.160748 
-1.264701 
-0.388057 
0.635802 
-0.601022 
0.623915 
-0.414658 
2.336417 
-0.133204 
-1.325729 
1.820768 
-0.212539 
0.555149 
0.233016 
0.624156 
-0.803690 
0.203659 
1.011906 
-0.591432 
0.292874 
-1.663979 
1.895970 
-1.219755 
-0.430357 
0.045919 
-0.884659 
-0.739628 
-0.676641 
1.310730 
-0.743547 
0.187998 
0.111262 
1.648551 
-0.346305 
-2.500056 
0.207378 
0.370031 
0.275346 
1.647990 
0.509293 
-0.968008 
1.556456 
-0.615923 
-0.792645 
-0.854834 
-1.301027 
-0.065195 
-1.112100 
-0.571937 
0.264835 
-0.905277 
0.110077 
0.144734 
0.229935 
-2.072538 
1.115377 
0.435640 
0.655306 
-0.343837 
-1.187280 
-0.570043 
-0.750292 
0.307686 
-0.142619 
1.067676 
-0.358267 
2.179522 
-0.280282 
0.171214 
-0.320523 
0.932928 
0.951476 
-0.181959 
-0.663994 
-0.651091 
0.235624 
1.703412 
-1.420373 
-0.984201 
0.026636 
-0.195817 
1.555472 
1.300078 
-0.705551 
-1.858092 
-1.122500 
-0.124475 
1.441093 
-0.042202 
0.396634 
1.762052 
1.597430 
-2.042456 
-0.704047 
0.069948 
-0.971941 
-0.108165 
-1.305444 
-0.999386 
-0.072708 
-0.276794 
1.106909 
-1.060297 
0.558251 
0.439374 
2.131823 
0.201295 
1.174180 
-0.272590 
-2.632964 
-0.599163 
-1.050946 
2.432908 
-1.448937 
0.526688 
-0.218190 
-0.612634 
-1.055326 
0.069847 
-0.062579 
0.735435 
-0.138421 
-2.418995 
-1.366491 
-1.000206 
-1.116270 
0.920425 
0.752874 
-0.334975 
-0.358443 
-0.123317 
1.982126 
0.415074 
2.572063 
-1.861384 
-0.907565 
0.549707 
0.975706 
0.038428 
1.554631 
-1.582300 
0.038843 
-0.837284 
0.913596 
-0.426832 
-0.536646 
1.704644 
-0.976773 
0.419526 
-2.759671 
-0.460655 
0.478129 
1.992321 
0.136139 
0.774508 
0.148238 
1.654701 
1.262935 
1.387186 
-0.704175 
-0.189543 
0.630347 
1.130376 
-1.361894 
1.044563 
-0.218228 
0.110797 
-1.133600 
0.019335 
-0.081764 
-1.155954 
-2.136662 
-1.832966 
-0.741451 
-0.248762 
-1.376964 
0.142933 
1.513555 
-1.650186 
1.117065 
-0.738854 
-0.354757 
1.760164 
0.834165 
1.460247 
-1.334695 
0.032744 
0.345695 
-1.848625 
1.190034 
-0.062151 
-0.379244 
-0.951519 
0.581285 
-0.630919 
-0.436744 
0.725866 
0.608359 
-0.851371 
0.427519 
-0.979375 
0.339726 
0.607486 
-2.297042 
-0.032640 
0.017766 
-0.551352 
0.938816 
-0.233047 
1.623253 
0.917620 
0.598698 
0.745681 
-0.925079 
1.411924 
-0.025428 
1.035939 
-0.445484 
-0.879316 
0.433091 
0.629451 
0.577591 
0.157470 
-1.189934 
0.409008 
0.278143 
-0.406133 
1.225191 
-0.678452 
-0.086418 
0.364172 
0.080142 
1.646282 
-0.008354 
2.327266 
0.824520 
0.381876 
-0.596716 
0.813823 
0.695370 
-0.472275 
0.104574 
-0.024385 
0.722062 
0.745014 
-1.323403 
-0.557045 
1.431446 
0.146168 
0.187813 
-0.636516 
1.030757 
0.440459 
-1.065539 
1.060384 
0.225747 
-0.752762 
0.436993 
-0.370646 
1.222097 
-0.256380 
0.819058 
-1.352311 
-0.265620 
-1.379637 
-0.914536 
0.472433 
-0.281742 
-0.127804 
-0.192277 
-0.856172 
-0.261513 
1.162129 
-0.803716 
-0.101208 
-0.914530 
0.214388 
0.234804 
0.085653 
0.386836 
0.474483 
-1.001545 
-0.594098 
0.495851 
0.715992 
-0.036847 
-0.287166 
-1.296113 
-0.324234 
0.466218 
0.058817 
-0.337679 
0.496901 
0.261070 
0.139527 
0.176388 
-0.341811 
-0.521517 
0.071128 
0.028523 
-0.535740 
0.042373 
-1.147697 
-1.964362 
0.862444 
-0.594086 
-0.047346 
-1.433031 
-0.464118 
-0.457148 
0.569705 
-0.702181 
-0.860291 
-0.009938 
-0.624308 
0.748576 
-1.085287 
1.762068 
-0.512400 
-0.486452 
0.688515 
1.233157 
0.013790 
0.165770 
0.320565 
-0.572484 
-0.007640 
0.377340 
-0.539009 
-0.943651 
-0.831668 
0.969734 
-0.515318 
-0.788855 
-1.023627 
0.277213 
0.188074 
0.145636 
0.269649 
0.765273 
0.535633 
0.045727 
-0.569685 
-1.189656 
-0.518650 
-0.309784 
0.510829 
-0.236785 
-0.275689 
-0.268484 
-0.064062 
-0.533018 
-0.120303 
-0.391856 
-1.844000 
0.359783 
-0.350267 
0.004380 
-0.612567 
0.172148 
0.331034 
0.509780 
0.262381 
-0.590482 
0.501954 
0.545363 
0.470804 
-0.108387 
-0.216723 
0.354907 
-0.519363 
-0.233036 
-0.269968 
0.457349 
-0.217960 
0.022342 
-0.645770 
-0.361388 
0.941880 
-0.387251 
-0.740058 
-0.174354 
-0.565399 
-0.512466 
-0.241812 
-0.610876 
-0.441198 
0.621629 
0.188932 
0.123468 
0.104971 
-0.451345 
-0.161461 
-0.541526 
0.380915 
-0.509655 
-0.403993 
0.386957 
0.774779 
0.506132 
-0.743131 
-0.702933 
1.287784 
0.186558 
-0.887659 
-0.948492 
-0.968581 
-0.020149 
-0.794104 
0.440846 
-0.792655 
0.389530 
-0.507801 
-0.338742 
0.412198 
0.582748 
0.016651 
-0.844094 
0.179149 
-0.361230 
0.564822 
-0.108660 
0.258538 
0.404845 
0.520158 
-0.462092 
0.427221 
0.997341 
0.868890 
0.599115 
-0.372785 
-0.943443 
-0.637582 
-0.265613 
-0.044537 
-0.292306 
0.483883 
0.082683 
-0.867179 
0.151531 
0.091756 
-0.570560 
-0.368489 
0.519652 
0.580525 
-0.660806 
0.323703 
-0.296640 
0.402138 
-0.245445 
0.163572 
-0.153794 
0.341844 
-0.337956 
-1.119792 
-0.743190 
0.084821 
0.705739 
-0.623062 
-0.306271 
0.359547 
0.465714 
-0.245835 
-0.650999 
-1.606859 
-0.833964 
0.166723 
-0.016809 
0.177948 
0.749806 
-0.401320 
-0.672769 
-0.925343 
1.125442 
0.910435 
0.844681 
-0.367686 
0.013566 
-0.343119 
0.399885 
0.517557 
0.815234 
-0.658147 
0.276255 
-0.709758 
-0.563371 
0.342381 
0.138015 
-0.716823 
-0.030426 
-0.637095 
-1.168151 
-0.287369 
0.167164 
-0.502736 
-0.165636 
0.250537 
0.850359 
-0.383440 
-0.557814 
0.691001 
0.226871 
-0.225096 
0.646292 
-0.233597 
-0.470112 
0.887472 
-0.561226 
0.817027 
-0.819673 
-0.453020 
0.293771 
-0.956323 
-0.195188 
-0.590204 
-0.429981 
0.018939 
0.512580 
-1.071032 
0.604198 
0.332018 
-0.710597 
0.506642 
-0.126155 
0.475510 
-0.868252 
0.548429 
-0.152573 
-1.308621 
0.579298 
0.307034 
0.706237 
-1.009414 
-0.649971 
0.416142 
0.492874 
-0.160876 
0.281762 
-0.520047 
-0.217740 
0.824854 
-0.244253 
-1.203237 
0.878397 
0.859045 
-0.826838 
-0.553576 
-0.055265 
-0.484975 
-0.606370 
-0.323227 
0.697956 
-0.199747 
-1.107312 
0.986110 
-0.706816 
-0.651707 
-0.281045 
0.408702 
-0.896715 
0.034138 
-0.325057 
0.787671 
0.573029 
0.151081 
0.566577 
-0.205283 
0.710936 
-0.141795 
0.573156 
-0.540199 
-0.318933 
-0.604346 
0.085847 
-0.422298 
-0.617461 
0.109921 
0.141345 
0.036546 
0.039256 
0.552397 
1.037176 
-1.078372 
-0.379259 
-1.006523 
-0.356377 
-0.126869 
-0.680081 
0.910882 
-0.592057 
-0.214032 
-0.326165 
-0.196384 
-0.416496 
-0.454650 
-1.078698 
-0.851910 
0.352866 
-0.639620 
-0.016962 
0.045767 
-0.233977 
0.805689 
0.212654 
0.177821 
-0.582011 
0.916413 
-1.460436 
0.726213 
-0.089171 
0.342469 
0.337626 
-0.030092 
0.782646 
0.998761 
0.377991 
-0.874775 
-0.320512 
0.680470 
-0.607717 
-0.013310 
-0.473330 
0.080240 
-0.413999 
0.064872 
0.745335 
-0.546856 
0.354545 
-0.076613 
-0.759383 
-0.586324 
-0.647578 
-0.735327 
-0.596625 
0.523034 
-0.699288 
-0.119667 
0.464074 
-0.614011 
-0.251894 
-0.102023 
0.426814 
-1.105314 
-1.084840 
0.594790 
-1.120221 
0.366256 
0.788882 
-0.144750 
0.019043 
-0.736455 
-0.652259 
0.686282 
0.209492 
-0.700722 
-0.171292 
0.336886 
-0.945730 
-0.697303 
-0.821439 
0.178261 
-0.160623 
-0.429851 
-1.103231 
0.368235 
-0.458804 
-1.036064 
-0.996445 
-0.957731 
-0.240943 
-0.351651 
0.097662 
-0.745187 
-0.000695 
0.014943 
0.931984 
0.384885 
-0.478232 
0.590841 
-0.894410 
0.640925 
-0.720598 
-1.237309 
0.448179 
0.409620 
0.014413 
-0.600042 
-0.210682 
0.547773 
-0.107227 
0.459208 
-0.507412 
0.487736 
-0.904866 
-0.109535 
-0.230664 
-0.102416 
-0.069773 
0.299795 
0.118902 
0.788645 
-0.343852 
-0.677987 
-1.085590 
0.246649 
0.422630 
-0.722516 
-0.839837 
-0.987129 
-1.189512 
0.233466 
0.829985 
-0.757070 
0.395728 
0.432988 
-0.988818 
-0.744031 
0.640199 
-0.137810 
-0.697180 
-0.451694 
-0.394284 
-0.183712 
-0.560698 
-0.216456 
0.834591 
0.936684 
0.855305 
-0.330529 
-0.506933 
-0.000305 
-0.100121 
-0.292096 
0.339523 
-0.279226 
0.417865 
0.005774 
0.051849 
-1.042864 
0.237114 
0.169680 
-0.236553 
-0.149911 
0.477455 
0.040518 
-0.685852 
0.907181 
0.500000 
0.500000 
0.500000 
0.500000 
0.500000 
0.500000 
0.500000 
0.500000 
0.500000 
0.500000 
0.500000 
0.500000 
0.500000 
0.500000 
0.500000 
0.500000 
0.500000 
0.500000 
0.500000 
0.500000 
0.500000 
0.500000 
0.500000 
0.500000 
0.500000 
0.500000 
0.500000 
0.500000 
0.500000 
0.500000 
0.500000 
0.500000 
0.500000 
0.500000 
0.500000 
0.500000 
0.500000 
0.500000 
0.500000 
0.500000 
0.500000 
0.500000 
0.500000 
0.500000 
0.500000 
0.500000 
0.500000 
0.500000 
0.500000 
0.500000 
0.500000 
0.500000 
0.500000 
0.500000 
0.500000 
0.500000 
0.500000 
0.500000 
0.500000 
0.500000 
0.500000 
0.500000 
0.500000 
0.500000 
0.500000 
0.500000 
0.500000 
0.500000 
0.500000 
0.500000 
0.500000 
0.500000 
0.500000 
0.500000 
0.500000 
0.500000 
0.500000 
0.500000 
0.500000 
0.500000 
0.500000 
0.500000 
0.500000 
0.500000 
0.500000 
0.500000 
0.500000 
0.500000 
0.500000 
0.500000 
0.500000 
0.500000 
0.500000 
0.500000 
0.500000 
0.500000 
0.500000 
0.500000 
0.500000 
0.500000 
0.500000 
0.500000 
0.500000 
0.500000 
0.500000 
0.500000 
0.500000 
0.500000 
0.500000 
0.500000 
0.500000 
0.500000 
0.500000 
0.500000 
0.500000 
0.500000 
0.500000 
0.500000 
0.500000 
0.500000 
0.500000 
0.500000 
0.500000 
0.500000 
0.500000 
0.500000 
0.500000 
0.500000 
0.500000 
0.500000 
0.500000 
0.500000 
0.500000 
0.500000 
0.500000 
0.500000 
0.500000 
0.500000 
0.500000 
0.500000 
0.500000 
0.500000 
0.500000 
0.500000 
0.500000 
0.500000 
0.500000 
0.500000 
0.500000 
0.500000 
0.500000 
0.500000 
0.500000 
0.500000 
0.500000 
0.500000 
0.500000 
0.500000 
0.500000 
0.500000 
0.500000 
0.500000 
0.500000 
0.500000 
0.500000 
0.500000 
0.500000 
0.500000 
0.500000 
0.500000 
0.500000 
0.500000 
0.500000 
0.500000 
0.500000 
0.500000 
0.500000 
0.500000 
0.500000 
0.500000 
0.500000 
0.500000 
0.500000 
0.500000 
0.500000 
0.500000 
0.500000 
0.500000 
0.500000 
0.500000 
0.500000 
0.500000 
0.500000 
0.500000 
0.500000 
0.500000 
0.500000 
0.500000 
0.500000 
0.500000 
0.500000 
0.500000 
0.500000 
0.500000 
0.500000 
0.500000 
0.500000 
0.500000 
0.500000 
0.500000 
0.500000 
0.500000 
0.500000 
0.500000 
0.500000 
0.500000 
0.500000 
0.500000 
0.500000 
0.500000 
0.500000 
0.500000 
0.500000 
0.500000 
0.500000 
0.500000 
0.500000 
0.500000 
0.500000 
0.500000 
0.500000 
0.500000 
0.500000 
0.500000 
0.500000 
0.500000 
0.500000 
0.500000 
0.500000 
0.500000 
0.500000 
0.500000 
0.500000 
0.500000 
0.500000 
0.500000 
0.500000 
0.500000 
0.500000 
0.500000 
0.500000 
0.500000 
0.500000 
0.500000 
0.500000 
0.500000 
2.262516 
-3.440198 
-1.828400 
2.251963 
0.061046 
0.755081 
-0.298723 
-2.507112 
-3.771030 
0.282525 
1.366039 
-4.701444 
2.309536 
0.910927 
1.026533 
2.139053 
-2.094490 
1.038697 
-1.228459 
-2.521452 
-1.470249 
-2.803982 
-2.111740 
-0.372247 
0.221729 
2.824942 
0.047568 
-3.621322 
-1.487545 
0.398759 
0.414858 
-4.449743 
-1.218156 
-1.839517 
-4.243379 
2.191898 
-2.819179 
-1.600276 
1.161699 
-3.399062 
1.506427 
2.129692 
-0.401836 
2.481881 
-2.194186 
-1.348050 
-0.658950 
-0.253243 
-0.730570 
0.330713 
-0.931580 
-3.275825 
-3.232696 
-1.812358 
0.916423 
0.183504 
-0.938818 
0.574496 
-2.484900 
-1.416313 
2.441271 
-2.910228 
2.552082 
-2.695852 
-1.107330 
1.865247 
1.407999 
-1.783832 
-0.331906 
2.673578 
0.132511 
-1.801184 
1.731237 
3.264975 
3.242851 
-2.613950 
-3.719506 
-1.523213 
1.591109 
-1.420912 
-2.027164 
-2.311110 
-3.980914 
3.082467 
2.062985 
-2.580669 
-3.811245 
-2.391324 
-4.347109 
-3.236324 
-0.542040 
-1.587065 
-2.770439 
-1.674043 
1.386012 
-1.143021 
-0.794647 
-2.886654 
-2.390612 
2.202558 
0.601959 
1.264102 
2.511280 
1.355558 
0.683248 
3.447971 
-4.005251 
-3.333552 
0.253533 
1.827467 
-2.697220 
-4.454413 
3.211496 
2.103281 
-0.919820 
-2.975709 
-5.145518 
-0.100536 
-0.537542 
1.206167 
-2.806296 
2.571189 
1.751798 
2.137654 
-2.867709 
-3.076089 
0.879750 
2.050114 
1.627964 
2.801656 
-4.864145 
-1.899175 
2.671763 
0.526482 
1.334403 
-0.056776 
-0.563613 
-0.507784 
-0.123449 
1.891125 
-2.331932 
1.609510 
0.867817 
1.418150 
1.014741 
1.871813 
3.642535 
-2.962516 
1.300377 
-4.455469 
3.924441 
-1.237779 
-3.134032 
-0.833478 
2.496262 
0.531046 
-0.340885 
1.961558 
-3.039970 
1.194958 
0.660939 
1.513426 
1.398608 
1.135805 
0.753034 
2.796469 
-0.469236 
-2.530756 
2.449549 
-1.624771 
1.017899 
-0.927797 
-2.062530 
-2.642559 
-2.179758 
-1.462916 
-2.632067 
-4.530221 
1.546757 
0.777905 
-2.508931 
-0.179037 
1.756953 
-1.987710 
1.446394 
-3.913650 
0.937410 
1.033333 
1.574837 
-1.897332 
-4.557341 
1.859746 
-0.593047 
-2.816829 
-0.740169 
-0.336470 
1.836161 
-0.241748 
-1.879928 
-2.265756 
-2.201362 
-1.958560 
-3.724633 
-2.747116 
0.938849 
2.078604 
-3.030467 
0.659921 
1.761868 
1.157323 
-2.291467 
0.357586 
-2.637451 
0.675299 
1.727641 
-3.679774 
-1.866487 
-0.758447 
-2.458921 
4.024446 
1.849429 
2.860694 
-3.437067 
-2.804831 
-2.905719 
-1.291649 
0.706231 
-0.606320 
-2.535424 
1.593166 
0.696300 
1.877204 
2.154782 
-0.618450 
-1.554853 
-0.196124 
0.179320 
-1.552369 
-2.440991 
-0.654536 
-0.860176 
-1.010849 
-1.360233 
-0.428572 
-1.895188 
1.257656 
-1.868289 
-0.649630 
-0.742905 
3.311763 
0.048905 
-1.733504 
-0.547638 
-0.706604 
0.804306 
3.868851 
3.454878 
1.193347 
-1.191988 
-0.255707 
2.249113 
0.180173 
0.245492 
1.491962 
1.400220 
-1.212887 
-0.034943 
-0.690265 
-1.962051 
-1.041678 
-1.458904 
-0.922857 
0.134144 
-1.101645 
-0.893080 
-0.233056 
-0.721808 
-0.562559 
-1.366854 
0.833125 
-1.230366 
0.416002 
-4.969744 
-1.465667 
-1.251464 
-0.707277 
-1.334569 
0.397931 
-1.562587 
-0.186801 
-0.171124 
2.760956 
-0.981355 
0.294229 
-0.932993 
-0.809992 
1.379308 
-0.987664 
-1.557181 
-0.776366 
0.114167 
-1.301995 
-0.900311 
0.185431 
-0.687267 
-0.284211 
-0.846763 
-0.546679 
-0.922919 
-0.975724 
-0.092781 
-1.682954 
0.080009 
-0.161452 
1.366943 
0.657487 
-0.715417 
-2.076941 
0.287311 
1.006688 
1.546996 
0.858250 
0.999885 
0.329650 
-3.261686 
-3.034868 
-0.492824 
-1.508238 
-0.428943 
-0.701776 
-5.084590 
1.378859 
-4.462029 
-3.055567 
-0.379672 
0.306278 
-3.199302 
-0.881467 
-0.006944 
-3.698233 
-0.676064 
-2.708538 
-1.593557 
-3.768488 
1.638626 
-3.997544 
2.109063 
-2.074279 
2.383701 
1.516138 
-4.227712 
-3.755325 
-3.171069 
-2.159716 
-1.449750 
-3.482394 
-3.745600 
0.399200 
3.813035 
0.627532 
-1.147976 
-0.368751 
2.139413 
0.206411 
-2.889318 
0.069043 
1.506168 
-2.894089 
0.149319 
-2.057097 
1.456321 
-1.067702 
0.206182 
-1.140649 
-0.203258 
-4.154905 
1.826490 
0.616705 
0.652428 
-3.197688 
-3.689865 
1.612186 
1.265816 
0.243550 
2.189312 
0.077282 
0.718541 
1.018053 
-0.812402 
1.278088 
-0.216830 
-4.200151 
-2.987508 
-2.027193 
1.158373 
-3.747375 
-0.646606 
1.672454 
-1.905106 
1.757025 
1.857046 
-3.734454 
-0.653266 
-3.760235 
-3.697797 
1.716632 
0.222660 
-3.338875 
1.481383 
-2.825630 
-3.050903 
1.855443 
-3.074032 
-2.406158 
-0.030194 
1.397194 
0.800382 
0.717363 
1.044929 
-4.245058 
-0.640320 
1.425579 
0.403880 
-0.591426 
-5.894708 
-6.171305 
2.131857 
-1.494058 
-1.672080 
-0.295181 
-1.852345 
2.655258 
1.751463 
0.679558 
0.006991 
-3.562563 
-0.291749 
2.964624 
-1.941481 
-0.947833 
-0.544010 
1.083359 
-2.899421 
-2.699347 
0.537007 
0.319012 
-2.338084 
0.933825 
1.070734 
0.371972 
2.033849 
1.700004 
-1.385901 
0.557100 
0.846473 
-2.831757 
-0.212852 
0.702024 
-3.312610 
-2.482014 
-2.219388 
-0.452655 
0.614787 
-0.865059 
-0.412256 
1.663052 
2.251317 
2.661777 
-2.797634 
-1.863187 
1.297023 
-2.036452 
2.046032 
1.335379 
-3.577181 
-2.521590 
0.843519 
-3.098595 
-3.024344 
-2.314694 
1.266549 
0.170511 
0.555061 
-1.760802 
-3.046708 
1.329031 
1.847226 
-2.265493 
1.518895 
2.735993 
1.881040 
1.899934 
1.225076 
1.407316 
-2.091417 
1.426296 
3.154506 
2.074658 
1.049663 
1.119995 
2.143229 
-3.810412 
-0.018116 
-2.698580 
0.558849 
-2.931036 
1.827496 
-1.585875 
2.331342 
0.694551 
-2.557673 
-0.845947 
-3.867854 
2.222555 
1.332065 
-3.628684 
-1.353450 
-4.222691 
-0.159109 
2.538338 
-2.861786 
-3.667523 
-2.284957 
1.665525 
1.871240 
0.593521 
-2.802776 
-3.190188 
-1.048985 
-2.795215 
-1.735909 
1.186095 
1.837598 
1.613850 
-3.181907 
-0.238308 
-3.140397 
-2.843661 
-2.603258 
-0.534292 
-1.952978 
-2.966403 
-1.741679 
3.520490 
-3.097687 
1.542144 
-2.281601 
-0.237674 
-1.316577 
-1.102480 
-1.376760 
0.067612 
0.133914 
-0.311975 
2.401137 
-2.236193 
-0.798616 
-4.165707 
-0.413054 
-0.970151 
-1.213696 
-1.096589 
0.342566 
-1.018302 
-0.942167 
0.113102 
-1.477116 
-1.365407 
0.037810 
-3.212851 
0.086600 
1.139318 
-3.267295 
-0.788617 
-0.570335 
0.094102 
0.488947 
-1.261172 
-0.080519 
-0.080182 
0.867691 
-3.708455 
-0.258121 
0.170218 
-0.291389 
-0.502588 
-0.140301 
0.321970 
-0.694788 
-0.454160 
1.064316 
-0.429628 
-0.485642 
-3.059071 
1.360330 
-2.892575 
0.066707 
-1.213595 
0.508758 
-0.375980 
0.041334 
-5.544820 
0.116678 
-0.929209 
-0.367558 
-6.385439 
-2.791310 
-4.141097 
-1.637021 
1.128892 
-0.121431 
0.209432 
-0.051547 
-0.755436 
0.170254 
0.523483 
-5.128777 
-0.673067 
-0.091546 
0.127109 
-1.542107 
-2.902267 
0.430545 
-0.194099 
3.243717 
0.112427 
0.093177 
2.509662 
2.440284 
-2.997201 
2.032931 
-2.955770 
-3.146697 
-0.548102 
0.284043 
-1.069685 
-0.173233 
-3.447449 
2.110515 
-2.073734 
0.814640 
-1.801978 
-1.760964 
-2.593586 
2.520147 
-0.641579 
-1.267806 
2.508682 
-1.191921 
2.126508 
-1.781239 
3.787618 
-1.411817 
1.761667 
-0.997416 
-2.884912 
-2.963931 
3.612506 
-2.338105 
0.481513 
0.858807 
-2.149327 
-2.121423 
-3.473541 
1.946669 
-2.213587 
-0.718188 
4.097456 
-1.935153 
-0.615351 
1.992820 
1.449591 
0.213771 
-3.078744 
-2.400638 
-0.545404 
-2.355521 
-2.208183 
-2.600783 
-2.291186 
-0.537566 
1.165535 
2.255929 
-1.624695 
-0.839672 
-0.042179 
-1.745842 
-3.077394 
-0.079113 
-1.190964 
3.845114 
0.196042 
-0.681081 
-1.282607 
-0.930225 
1.383116 
-1.263729 
-2.681733 
-1.621231 
1.851245 
-2.841419 
-2.746580 
-1.918743 
4.083419 
-2.435114 
-0.942955 
3.554621 
-2.081962 
-1.574155 
3.761660 
-2.821990 
-1.781818 
-0.419123 
-1.351923 
2.161997 
0.493896 
-1.780108 
-1.337279 
0.097285 
-2.019851 
-0.858161 
3.910444 
-0.491921 
-2.145549 
-2.531899 
0.530370 
-2.829319 
-1.980719 
-0.225884 
1.579074 
-1.544233 
-1.442640 
-0.255789 
-1.107083 
-1.375759 
0.430588 
-3.344688 
-3.249276 
-1.982368 
-0.427090 
4.164960 
-2.762730 
-1.545580 
0.803669 
-1.661277 
-0.262719 
-2.518328 
0.318043 
-0.875929 
-2.982842 
-0.636573 
-1.669979 
2.185094 
-0.284666 
-0.813979 
-2.261087 
-1.567009 
0.682423 
-1.093704 
1.426070 
0.658574 
0.249040 
0.579227 
2.198919 
1.415604 
-2.978140 
-2.057311 
-2.285368 
1.870285 
0.175663 
-0.473894 
-1.257799 
2.538368 
-1.412818 
-1.336595 
-1.773964 
-0.990681 
0.951487 
0.977346 
-1.089396 
0.527713 
0.654385 
-0.453691 
-0.383586 
-0.623924 
-2.307547 
0.498066 
-0.367558 
1.514922 
-2.170892 
1.254180 
-0.047601 
-3.242973 
-1.229370 
-0.103202 
0.148825 
-2.049818 
-4.091404 
-0.104379 
-1.986659 
-1.837894 
-1.513050 
0.729328 
-0.465473 
0.170043 
-0.787211 
-1.199768 
-0.086155 
-2.523478 
-0.105994 
0.057411 
-6.005172 
-0.454410 
0.633100 
-1.910916 
-1.604946 
0.326341 
1.419483 
0.351536 
0.689282 
-1.346006 
-4.935909 
0.170172 
-2.718987 
-0.888978 
-2.022227 
-1.477157 
0.762567 
-0.641214 
-1.342889 
0.040901 
0.071038 
1.502706 
-4.402453 
-1.673393 
-1.243449 
-3.785971 
-1.047144 
-0.778018 
-1.298361 
1.136900 
0.242684 
-0.335852 
2.314020 
-2.999366 
-4.155676 
-0.073762 
-3.656612 
1.044322 
-1.015177 
-5.764314 
-0.801749 
-0.432322 
0.788803 
-2.516331 
-1.300641 
0.292882 
1.691988 
-0.727042 
-3.297971 
-2.640548 
-4.303307 
-0.860217 
0.418381 
-0.038953 
1.538895 
-0.552830 
0.161946 
-1.857159 
0.995089 
0.962338 
0.004432 
-0.074537 
0.897753 
-0.536721 
-0.242625 
0.445557 
-0.845858 
0.517794 
-4.076043 
-2.933585 
-1.598458 
-4.638831 
0.864021 
0.059811 
-0.606909 
-0.977558 
0.134108 
-2.066764 
0.559063 
-0.472736 
-0.249435 
-0.109340 
0.357509 
-1.743911 
0.049620 
-3.895811 
-2.109859 
0.312944 
-2.144933 
-1.468434 
-1.876342 
-1.880729 
-0.275542 
-0.224759 
-3.551115 
-4.422500 
-1.640931 
-5.181680 
0.705401 
0.628704 
-0.569729 
-3.571808 
-5.033057 
-0.296460 
-2.438135 
-0.375631 
1.494709 
-0.273414 
-1.912554 
-0.083607 
-1.153307 
-3.663041 
-0.353989 
-2.210163 
-0.606644 
0.399343 
-0.044986 
-0.332278 
0.580630 
-0.150179 
-0.538707 
0.516817 
-0.534317 
-1.155418 
0.232154 
1.407987 
-4.594508 
-0.111238 
-1.877395 
-0.876251 
-2.704694 
-4.146622 
0.523014 
-1.058056 
-3.019869 
-3.740839 
-2.424428 
0.770820 
2.264904 
-2.279216 
-0.516709 
3.358595 
-0.498470 
-2.426220 
-1.783275 
2.276161 
1.015636 
0.394861 
1.983490 
-0.605865 
-2.938297 
1.453785 
-3.922107 
-1.418025 
-3.522604 
-0.101788 
1.673809 
0.934752 
2.564036 
0.936375 
-2.019561 
3.627983 
-3.870317 
2.313402 
2.679867 
-2.113542 
-3.443797 
-2.515248 
0.880025 
-1.534179 
-3.109795 
-4.164810 
-1.924523 
1.369638 
2.670099 
-2.806855 
0.198542 
1.142117 
-0.958764 
2.590814 
-0.995320 
1.501990 
0.183164 
-2.722962 
-1.807520 
-2.934327 
-1.989133 
2.488764 
-4.107880 
-0.923556 
-2.129649 
-2.125910 
-2.701601 
-2.474743 
0.023581 
-0.668432 
-1.731323 
-2.228730 
-1.741520 
-1.877472 
-2.739471 
-2.622872 
0.409188 
-1.676650 
-1.055450 
1.233642 
2.772785 
-3.324849 
1.843490 
1.626348 
0.074167 
-1.564683 
2.836231 
-0.176047 
3.072758 
1.544726 
-1.690374 
-2.316061 
-1.069832 
1.123497 
-1.071181 
-2.101415 
0.076667 
2.500929 
0.470867 
1.744158 
0.420349 
0.249758 
0.516725 
-1.209386 
-2.538628 
1.563496 
-1.321904 
0.211551 
-1.677991 
-1.162349 
-3.312300 
-2.762430 
-1.787797 
-2.929752 
-4.761433 
-0.297269 
-2.574807 
-1.289038 
-2.802104 
1.190222 
-0.018050 
-2.982270 
1.276381 
-0.135760 
1.473902 
1.391930 
0.201528 
1.207451 
-1.345145 
1.869930 
1.783788 
1.954088 
-1.218130 
0.447140 
-2.023769 
1.572590 
2.133398 
0.441619 
-3.917970 
0.459315 
-3.014912 
-2.011073 
-0.328876 
-4.214079 
1.322473 
1.317624 
0.939933 
1.107209 
-2.698836 
-3.191147 
-3.935050 
-3.440745 
1.437717 
2.227550 
-3.069705 
1.493973 
-1.566671 
3.289473 
-1.786843 
2.240211 
2.795493 
-1.643151 
-1.278247 
-0.356978 
-1.251684 
2.499677 
-2.824076 
-1.615351 
2.984075 
4.084407 
-1.405757 
-2.046662 
2.650294 
-2.527422 
3.810047 
-0.845862 
-1.184802 
1.839530 
-1.812836 
-1.724877 
0.763193 
1.096555 
-2.450921 
-3.636939 
-2.164803 
-1.441153 
-2.460929 
-2.073372 
-1.693780 
-3.221138 
-2.635202 
-1.338653 
-2.544950 
-1.458095 
-1.686227 
-5.841557 
2.010532 
3.358421 
-2.498145 
-1.535747 
-2.358724 
-3.656358 
-2.496851 
-0.179701 
-1.678824 
-0.468935 
-2.480438 
-2.061074 
-1.564835 
-2.672108 
2.385016 
0.793108 
0.863097 
1.873727 
-0.453032 
0.784182 
-3.480702 
-0.906414 
-1.588121 
-1.851582 
-1.712165 
-1.354086 
2.344872 
-1.411670 
-0.910931 
0.315646 
-1.063055 
-1.721668 
-1.874001 
-0.876128 
0.929948 
-2.408224 
4.205719 
0.930216 
0.736715 
1.228747 
0.112459 
-0.286875 
-0.810908 
1.141255 
-2.563635 
-4.901974 
-3.341773 
-5.354414 
-4.268398 
-0.403414 
0.115680 
-0.896937 
1.764643 
1.313125 
0.377048 
-0.210589 
0.069802 
0.177885 
-0.279740 
0.686800 
-3.740863 
0.445181 
-3.105926 
-3.311518 
0.767300 
0.219368 
0.250579 
-2.010772 
-1.397398 
0.066182 
-1.927170 
1.441010 
-1.800144 
-3.861835 
3.205143 
-0.485826 
0.599786 
0.163100 
0.328131 
1.578644 
-4.374635 
1.735351 
-4.760309 
0.832236 
0.530239 
-2.042719 
-2.070360 
-1.445190 
0.437963 
1.794576 
0.616091 
-1.700583 
-0.611220 
0.025296 
-0.807725 
-0.702429 
2.294045 
-0.448653 
-0.263878 
-2.264246 
-1.428509 
0.771209 
0.270580 
1.301591 
-0.393036 
0.491148 
-4.104214 
-0.594471 
-5.118940 
-4.517364 
-0.048755 
2.250790 
-1.473001 
1.655271 
-1.048667 
-1.789531 
1.271187 
-3.544032 
-2.742446 
-3.321218 
-5.016490 
-1.536946 
1.187132 
-3.777851 
-3.798114 
1.634417 
3.070151 
0.877641 
1.259578 
-2.923152 
1.155975 
-2.671515 
0.991156 
-2.299120 
-3.044878 
0.944785 
0.290794 
0.289378 
0.247986 
0.361982 
1.228112 
-1.932436 
0.901839 
-3.600814 
1.736350 
-2.173526 
0.874963 
-2.125962 
0.793304 
-1.661875 
-1.412697 
0.528426 
-0.228250 
0.123699 
2.836034 
-3.472068 
1.463545 
-1.669367 
-0.269907 
-4.182311 
1.364665 
2.344462 
2.695289 
-0.360939 
-0.407858 
0.711550 
-4.082487 
0.674854 
-0.138300 
-1.668739 
-0.851638 
-0.227668 
-0.719076 
-0.018263 
-1.837737 
-3.693883 
0.087253 
-3.248839 
2.166825 
2.036050 
1.277265 
-4.387741 
-2.412118 
1.722619 
1.268636 
1.948653 
-3.081466 
-2.441437 
-2.467419 
-0.118048 
-2.426540 
-4.014549 
-3.359391 
-2.233041 
-2.409082 
1.790810 
0.415905 
-1.976515 
-0.402811 
0.825008 
-1.204378 
-5.879801 
-4.029372 
1.089873 
-1.345524 
0.245759 
-4.476341 
-0.581665 
-2.265780 
1.181888 
2.969756 
1.844222 
-1.969534 
0.143220 
-2.594305 
-2.478343 
-1.415430 
1.422622 
2.339268 
-2.932079 
-3.724551 
0.892161 
-3.224020 
-1.711740 
0.544615 
1.500831 
-3.347249 
-2.601063 
-1.817031 
-0.573613 
0.353331 
0.045259 
2.524247 
0.084324 
-3.333526 
3.163570 
-1.769802 
1.006030 
3.382837 
-1.571252 
-3.177908 
-2.763023 
2.427951 
1.976751 
-1.322032 
-1.469204 
2.364063 
-3.010665 
1.024944 
-2.313872 
0.906923 
-2.218549 
4.226512 
-3.058425 
-5.031988 
2.124497 
-1.423543 
0.082698 
-0.593993 
-1.532354 
-2.163634 
-3.389310 
-2.757017 
-1.832192 
1.944557 
1.820752 
1.688397 
0.396679 
-1.408236 
-0.692022 
-2.806238 
-0.024930 
-0.382000 
-1.515552 
0.736298 
-0.861279 
0.664422 
-1.956722 
-4.526763 
3.004609 
1.655568 
0.454375 
0.476617 
-1.353892 
0.785889 
0.634251 
0.255289 
-1.050757 
0.876691 
0.485680 
0.974024 
-0.365315 
-0.366733 
-1.821410 
-2.213044 
-3.504911 
-4.324578 
0.559333 
-0.079945 
1.051321 
-1.761223 
-1.465037 
-0.041103 
0.536050 
0.473654 
1.481557 
3.285922 
-2.597861 
-0.948115 
-2.773683 
-2.608052 
-0.129632 
0.235597 
0.302803 
0.764437 
0.236815 
0.565028 
-1.013194 
-1.219549 
-3.502093 
-5.093181 
-3.062489 
-4.439871 
-1.719217 
1.611552 
1.955776 
0.923973 
-3.969662 
-0.228797 
0.462713 
-0.739197 
-2.257478 
1.296092 
0.608544 
0.146653 
0.753238 
-4.149230 
0.781701 
0.145121 
-3.674604 
-4.633548 
-1.051188 
-5.406718 
0.420588 
1.893758 
-5.156034 
-2.072929 
-1.142261 
-0.559145 
-0.166511 
1.022749 
0.644323 
-0.527903 
-0.343282 
0.177395 
-4.315679 
-3.309987 
2.510003 
-4.584543 
-0.411743 
1.576825 
-4.038507 
1.348986 
-0.530802 
-2.899870 
-3.316078 
-2.774614 
0.174616 
0.117701 
-0.364761 
0.773833 
-4.458403 
-0.250952 
-2.184557 
-1.051455 
-0.111706 
-1.774446 
-1.516438 
0.262992 
0.220433 
0.525164 
-1.498493 
-0.821454 
1.449308 
-1.250233 
-4.319044 
-0.555213 
0.088880 
-0.067108 
-1.626128 
-0.020838 
-3.322710 
0.326934 
-1.283242 
-3.557741 
-0.637129 
-3.250957 
1.223733 
-2.143997 
0.021866 
-1.014402 
-5.497806 
0.552885 
-1.931341 
-1.781904 
-3.819353 
-0.028657 
0.656886 
-0.679405 
-0.003561 
-0.389828 
-2.954642 
-2.232829 
-0.448144 
-0.136464 
-1.190859 
0.577711 
-1.149029 
0.975212 
0.170018 
-0.196160 
-1.341906 
-1.225196 
-0.926348 
-3.556492 
-0.339102 
-3.469824 
-4.280056 
0.686743 
-2.436332 
0.389240 
-0.106256 
0.496572 
0.249249 
0.938225 
1.787523 
0.985452 
-4.245448 
0.062720 
0.557152 
-0.139900 
1.282644 
0.732980 
0.543900 
0.152080 
0.987018 
-2.420063 
-3.519376 
-0.933120 
0.905661 
-4.954638 
1.236321 
-4.015831 
-0.930071 
0.269713 
-3.063644 
0.954138 
0.150456 
0.513808 
-3.217403 
1.665393 
2.106143 
0.567424 
1.593109 
-3.732663 
-0.549512 
0.109137 
-2.680922 
-2.923948 
-3.232827 
0.988572 
0.586922 
0.653872 
-2.630910 
1.039875 
1.856587 
1.478325 
-3.097179 
-4.332314 
-0.148836 
-2.745005 
-2.699053 
0.474530 
-0.894655 
0.004795 
-3.507330 
0.137206 
-4.066541 
-0.334081 
0.434167 
0.571348 
-0.637610 
0.523680 
0.804069 
1.725013 
-1.810746 
-4.994836 
0.390576 
0.695494 
0.024922 
-0.191656 
0.167553 
1.218594 
0.840377 
1.671999 
-1.544189 
-0.543792 
-0.760201 
-1.965114 
-1.745617 
-2.163189 
-2.247178 
-1.100433 
-2.247108 
-1.395872 
-0.464379 
-0.511938 
-2.699029 
-0.786989 
-0.595806 
-1.943371 
-1.531589 
-1.450596 
-1.436117 
-0.415963 
-1.703736 
-1.039142 
-3.553154 
-0.290626 
-1.423094 
-2.537357 
-0.952645 
-1.111752 
-2.193948 
-0.519357 
-0.707313 
-1.635541 
-0.589735 
-0.680393 
-1.637896 
-0.966214 
-1.115616 
-0.574627 
-1.485069 
0.426414 
-1.071426 
-1.659446 
-2.337460 
-2.313527 
-1.577386 
-1.190421 
-1.947318 
-2.222578 
-1.065397 
-2.203281 
-0.636917 
-1.515181 
-0.807781 
-2.863110 
-0.068820 
0.240806 
-1.367445 
-2.573680 
-1.425765 
-0.800707 
-2.253027 
-1.846007 
-1.272250 
-2.264264 
-2.216777 
-1.992230 
-2.122157 
-1.104825 
-1.547757 
-1.431458 
-1.550187 
0.206436 
-1.812299 
-1.058608 
-1.771703 
-2.109833 
-1.882297 
-1.255145 
-0.892642 
-0.076100 
0.927622 
-0.414087 
1.750375 
0.960678 
-2.550057 
0.627733 
-0.413936 
0.017648 
-0.985066 
-0.534010 
-1.660778 
-1.732071 
-4.850016 
-2.058885 
-3.147403 
-0.733087 
-6.297841 
0.100715 
-1.047090 
0.537010 
-2.618030 
-1.691547 
0.044550 
-0.598644 
-0.945134 
-0.518330 
2.529453 
-3.215994 
-0.066705 
-0.188153 
-6.105230 
0.679071 
-1.079509 
0.496012 
-2.279989 
-0.797267 
0.846649 
-2.595629 
1.318412 
-0.333352 
-1.303436 
-1.606133 
4.293987 
-1.020859 
0.837688 
-0.220934 
1.778688 
0.348527 
-0.978280 
0.186273 
0.238568 
-0.317135 
0.151258 
1.027638 
0.217658 
-2.966231 
-4.709005 
0.425353 
-0.433139 
0.810706 
0.100024 
0.319729 
-0.261409 
-1.496723 
0.078767 
-2.227919 
-0.582567 
-1.416400 
-0.318325 
0.395915 
-3.697387 
-0.382198 
0.546157 
1.193057 
-0.252564 
-3.368391 
-3.146459 
-0.505901 
-3.620890 
0.378912 
-3.068968 
-2.888522 
-2.100147 
-1.884984 
0.278155 
-2.673308 
-3.914783 
-4.388526 
0.244734 
-1.742981 
-1.507739 
-2.759793 
0.584323 
-2.696241 
-1.015767 
-0.647593 
1.615041 
0.941997 
2.150783 
0.543922 
-2.728795 
-2.980778 
0.979455 
-3.854092 
-4.036366 
-0.652071 
-2.428865 
-2.155038 
0.658880 
-0.658368 
-3.371299 
1.136427 
-2.936088 
-2.403741 
-0.042499 
0.967756 
1.874788 
-3.280063 
2.620634 
-1.995382 
0.998783 
-1.494881 
0.938396 
2.113502 
-0.187981 
1.280366 
-0.046006 
-3.153397 
-0.711119 
3.200965 
-1.944097 
-0.336166 
1.390980 
-0.655489 
-0.392308 
-3.336438 
1.876506 
2.705119 
-0.009799 
-0.085727 
-2.129139 
-3.528441 
-1.277301 
1.468370 
-0.179305 
1.767806 
0.366918 
1.622890 
0.691781 
-5.704844 
3.848653 
2.905835 
-4.059133 
-3.479451 
-1.650950 
-3.671169 
-3.260218 
-2.170987 
-1.902616 
-2.663050 
2.976297 
-3.723813 
-3.031101 
2.062888 
0.805707 
0.706893 
-1.210526 
-3.320583 
-0.484359 
0.966561 
-2.993226 
1.804491 
1.712417 
-0.828128 
-2.465941 
-2.463101 
-3.395934 
0.553387 
0.731686 
-1.624059 
-2.889528 
-1.443257 
2.246691 
2.375621 
-0.177421 
1.181255 
-2.111371 
-2.426949 
1.451805 
2.029993 
2.604304 
1.757176 
0.762636 
-4.084131 
-0.703388 
0.717069 
-0.181628 
1.255173 
-0.111536 
0.020331 
-5.220015 
1.178740 
-3.342256 
1.116178 
-0.689065 
1.437051 
1.654162 
-0.272510 
-1.972486 
0.895386 
0.645292 
-2.459569 
-4.676925 
0.082759 
1.411052 
-0.363555 
-2.381635 
-0.934326 
-3.860452 
0.275684 
1.424349 
-0.931985 
0.739124 
0.153024 
0.167520 
1.417077 
-0.079084 
-2.594578 
-3.415646 
-3.744091 
-4.389056 
-1.026409 
1.018343 
0.978834 
0.978204 
0.625275 
0.149756 
0.633348 
1.337100 
2.620986 
0.807191 
0.352705 
2.586665 
0.898445 
1.220801 
0.345118 
0.872115 
1.121827 
1.200611 
0.812008 
1.280930 
1.961296 
1.334405 
0.989998 
0.405946 
1.468604 
-0.015794 
-0.790350 
-1.062080 
-0.370106 
-1.148176 
-1.987036 
-1.939281 
-1.680829 
-0.558930 
-1.212284 
-0.121683 
-1.071185 
0.099256 
-1.548562 
-0.552052 
-0.758355 
-0.910019 
-1.486254 
-1.515826 
-0.695901 
-0.761481 
-1.357309 
-2.094583 
-0.988636 
-1.255003 
-0.566880 
-2.004846 
-0.552321 
-1.478418 
-1.788802 
-0.433311 
-0.654356 
-1.584649 
-0.373969 
-1.303354 
-1.651614 
-0.868175 
-0.975947 
-0.786803 
-1.285613 
-0.313250 
-1.374942 
-0.969868 
-1.433467 
-1.941834 
-1.399621 
-1.328851 
-1.168674 
-1.047992 
-1.627570 
-1.386832 
-1.172951 
-0.229462 
-0.271878 
-1.676745 
-0.469565 
-0.706722 
-0.781101 
-0.868619 
-1.261383 
-1.232739 
-1.270122 
-0.487421 
-1.415638 
-2.150047 
-1.253336 
-1.430837 
-1.643721 
-1.105695 
-0.359568 
-0.765556 
-1.128807 
-0.361310 
-1.352025 
-1.045349 
-0.544735 
-1.684854 
-1.463869 
-0.769420 
