256 12 98 12 98 0 
0.608432 
1.407838 
1.153200 
0.242351 
-0.466018 
-0.833284 
-0.158774 
0.657939 
0.007847 
-1.233337 
-0.318382 
-0.580113 
0.096080 
0.930606 
0.152781 
0.782409 
-3.406281 
-1.467415 
0.778015 
1.568624 
0.419166 
-0.397353 
0.558258 
-0.621409 
1.692794 
1.995081 
-1.203734 
0.758575 
-3.026279 
0.850626 
1.157695 
0.394803 
-0.935318 
-0.096268 
-0.505819 
0.326161 
1.101286 
2.246033 
1.203135 
-0.660255 
-0.041430 
0.660210 
2.457713 
-0.854868 
-1.993493 
-0.471138 
-1.853764 
0.893006 
-0.332423 
1.453300 
0.176483 
0.131867 
-1.132207 
0.641745 
2.197483 
-1.336642 
-0.464279 
-0.726577 
-0.042097 
-0.816121 
1.171699 
-1.907485 
1.027138 
-0.359052 
-0.008799 
0.612713 
2.136530 
-2.018463 
0.435353 
0.628208 
-0.255310 
0.860441 
-2.703565 
-3.620491 
-0.471078 
0.366515 
-1.454388 
1.167818 
-0.026582 
0.344980 
0.876688 
1.663731 
-0.422134 
0.294948 
-1.765896 
-0.031047 
0.494816 
0.591990 
2.301768 
0.897283 
1.435797 
0.441983 
-0.621569 
-0.196257 
-1.491288 
-0.676579 
-0.961875 
1.504989 
0.016660 
-0.746314 
1.312437 
1.488379 
1.716842 
0.800685 
-2.885816 
0.445033 
-0.474406 
-1.816467 
-0.830200 
1.909562 
0.771530 
1.380826 
0.467269 
0.207963 
0.168767 
0.548538 
-1.586441 
-0.066189 
1.519412 
-2.572321 
-0.473800 
1.617605 
0.778276 
2.228422 
-0.372590 
-1.007604 
-1.414454 
-0.110376 
0.010136 
-1.424663 
1.129941 
-0.169286 
1.052847 
0.806970 
-0.603979 
1.811444 
-0.857703 
-0.640678 
-0.943701 
0.889136 
0.695189 
-0.220341 
0.701941 
-0.651030 
-0.152672 
-0.408096 
1.175419 
0.534983 
-0.504798 
0.738228 
1.595328 
-1.060778 
0.210132 
0.252979 
-1.879950 
0.968348 
0.782544 
-1.081848 
-0.486399 
0.761764 
-0.695283 
-0.763905 
-0.272155 
-0.009238 
0.224044 
-0.040767 
-0.799486 
0.145931 
0.039417 
-0.960290 
-0.424779 
-0.084466 
-1.133755 
-0.437690 
0.561911 
0.374368 
-1.295497 
0.426062 
-0.963038 
1.987521 
-0.463631 
-0.579175 
-1.101535 
0.444286 
-0.725590 
-1.224231 
-0.224300 
1.036338 
-0.078229 
0.205969 
0.314742 
-0.849159 
-1.268978 
1.263679 
-0.308738 
0.966802 
0.445349 
0.167547 
1.260101 
0.187756 
0.207393 
0.430650 
-1.142956 
0.325667 
1.117220 
0.639597 
0.541481 
0.057979 
-2.138752 
0.209511 
0.040000 
0.183507 
1.183543 
0.190744 
-1.554960 
-1.599040 
1.020270 
1.267280 
-2.905739 
-0.354362 
-1.158709 
1.365301 
0.071465 
0.295496 
1.203124 
1.085125 
0.555493 
0.337027 
1.789967 
1.555623 
1.514554 
-0.468533 
-0.268968 
1.152752 
0.007787 
0.491660 
-1.213731 
-0.689001 
0.274649 
1.129962 
-0.113619 
1.521919 
-1.321782 
-1.420805 
-0.197958 
0.627846 
1.119586 
-0.179663 
-0.003191 
-0.316212 
1.101329 
-0.164592 
-1.359704 
-0.300662 
-0.554332 
0.902126 
-0.195328 
0.792718 
2.353037 
-0.777676 
1.086538 
0.029309 
1.347145 
-0.990846 
-0.540850 
-2.085473 
-0.050826 
-0.784598 
-0.571642 
0.853835 
1.980668 
-0.282894 
-2.170296 
1.630668 
0.445261 
2.397553 
0.164510 
0.971424 
-0.638939 
0.494394 
0.526947 
0.977290 
0.523579 
-0.596226 
-1.223169 
-0.158946 
-0.344208 
-0.102895 
-0.160067 
-1.007939 
0.213004 
1.427712 
-0.296487 
0.286342 
1.029594 
-1.010600 
-1.453928 
0.364910 
0.416970 
1.099776 
0.655655 
-0.516210 
1.391029 
-0.201525 
0.470733 
0.794024 
-0.433673 
-0.769820 
-0.657982 
-1.071127 
1.200828 
0.540721 
1.220362 
0.214356 
-0.394159 
-0.152185 
0.066159 
-0.475833 
-0.900961 
0.674128 
-0.501622 
-1.125867 
1.133656 
-0.992667 
0.218522 
1.152017 
1.336378 
-0.362083 
-0.829802 
0.436457 
0.192776 
-1.087131 
0.729863 
0.014603 
0.431181 
0.728558 
0.050696 
-1.256064 
0.059119 
0.735282 
-1.702291 
0.355737 
0.506159 
0.260452 
-0.354795 
-0.067059 
0.351766 
1.090819 
0.548670 
-0.697185 
0.563099 
-0.378517 
-1.115272 
-0.934164 
0.130605 
0.094705 
0.173400 
1.377627 
-0.367807 
0.855447 
0.279002 
-0.580653 
0.700079 
0.208914 
-1.032474 
0.554199 
-0.290023 
0.086034 
0.546297 
-0.344722 
-0.624053 
-0.262907 
-0.355936 
0.161818 
0.257151 
-0.256459 
-0.815030 
-0.199849 
-0.671602 
0.510020 
0.440925 
1.016515 
0.404789 
-0.749272 
-1.089425 
1.598987 
-1.215069 
0.676240 
0.494503 
-0.017503 
0.152411 
1.186961 
-0.906899 
0.251540 
0.143173 
0.189092 
0.366675 
1.296920 
-2.148915 
-0.177277 
0.677169 
0.551394 
-0.605644 
-0.099275 
-0.583489 
-0.118710 
-0.171158 
-0.087025 
1.395452 
-1.634379 
-0.004000 
0.485849 
-2.333350 
0.856299 
0.513150 
-0.892175 
1.458317 
0.452764 
-0.636681 
0.410419 
2.226866 
2.222417 
0.016344 
-1.514240 
-0.013780 
-0.645720 
-1.144727 
-2.052926 
-0.196275 
-0.560894 
0.778225 
-0.477684 
1.299245 
-0.793009 
-1.069374 
-0.401605 
0.148300 
0.630662 
-1.660574 
0.284511 
0.162412 
-0.489769 
1.301560 
-0.179842 
-0.543961 
-0.705519 
-2.189519 
0.101781 
-0.330121 
0.442069 
0.047248 
-0.149123 
1.140536 
0.412485 
0.382248 
-0.654023 
-0.526311 
-0.162014 
-2.868268 
0.288448 
1.983747 
-1.078753 
2.287403 
-1.530143 
-1.162611 
1.520868 
0.999506 
0.132211 
1.797986 
0.331115 
-0.085605 
2.077453 
1.794965 
0.178769 
0.536380 
-1.108606 
-1.128122 
-0.924283 
0.063122 
-0.352162 
2.353298 
-0.167532 
-0.906710 
0.061962 
1.229822 
-0.132112 
-0.274782 
-1.915678 
-0.218218 
-0.699141 
1.050943 
1.018760 
-0.618168 
-0.523603 
-0.792271 
-0.954113 
-0.990093 
-0.343275 
0.180829 
-1.225989 
0.753744 
0.748047 
1.267649 
1.606312 
1.120809 
-0.422891 
0.731573 
0.252054 
-0.003082 
0.842086 
0.267360 
0.600296 
0.089176 
0.400952 
0.423776 
0.366793 
1.645734 
0.701148 
0.789971 
-0.412410 
-0.893475 
-0.919314 
-0.109342 
-0.533235 
1.354231 
0.697508 
-0.893399 
-0.134078 
-0.926418 
-0.442310 
-0.173465 
0.451859 
-1.048148 
-0.717342 
1.295462 
0.579325 
-0.989546 
1.065843 
0.445763 
0.696741 
0.024589 
-0.233344 
0.068387 
-0.502981 
0.583974 
0.478097 
-0.000883 
0.393784 
0.805565 
0.360632 
-0.012928 
0.708817 
0.566907 
0.399286 
-1.306494 
0.176658 
-0.613888 
-0.073671 
0.498685 
-0.656999 
0.333360 
0.019751 
-1.036876 
0.712686 
0.722704 
-0.998823 
-0.121462 
0.720947 
0.698046 
-1.055760 
0.529397 
-0.154322 
-0.165471 
0.396293 
-0.368826 
0.003916 
-0.215688 
2.618233 
-1.576905 
-0.407644 
0.608741 
1.490250 
-0.346042 
-0.527068 
-0.313546 
0.716795 
0.817535 
0.661997 
-1.660456 
1.873804 
-1.101534 
1.250322 
1.728927 
0.298666 
-0.387342 
0.688926 
-1.477067 
0.201656 
1.369892 
-0.505190 
0.438072 
1.018947 
-0.869282 
1.676670 
0.139176 
1.773144 
-0.496971 
0.928911 
0.213936 
0.316923 
0.912127 
-1.784316 
1.314734 
1.754802 
-1.520314 
-0.939205 
0.640174 
0.764439 
-0.468962 
-1.002312 
-1.178504 
0.551861 
0.625808 
-1.406218 
0.851967 
-0.435068 
-0.466370 
-0.920115 
-0.012109 
-0.300254 
0.565445 
1.010764 
-1.352653 
0.249309 
1.126744 
-1.691579 
0.947028 
-1.358912 
-0.094048 
0.026094 
1.307212 
0.724421 
-1.283679 
1.454479 
0.860157 
0.714946 
-0.463393 
0.732696 
-0.725475 
-0.748726 
-1.328279 
0.572550 
1.523177 
-0.691524 
-0.234406 
0.850330 
-0.300421 
0.500023 
-1.155616 
-1.069562 
1.547460 
-0.261006 
0.819863 
2.214808 
0.980262 
0.311477 
0.107000 
-1.402095 
0.031225 
1.092658 
-1.813931 
0.462168 
-0.096082 
-0.227364 
-0.840973 
1.144988 
0.689120 
-0.288580 
-0.435086 
0.268852 
-0.806334 
-0.233694 
1.062920 
0.514257 
-1.164984 
0.692538 
-1.203226 
-1.089191 
-0.016654 
0.680984 
-0.470307 
0.411319 
0.219707 
-0.015707 
0.924394 
0.181304 
0.524540 
0.216864 
-0.293160 
-0.904406 
0.064319 
0.187569 
1.733522 
-0.129733 
0.369428 
-0.373236 
-0.510130 
0.727321 
0.243072 
-0.016211 
-0.316578 
-0.999608 
0.951118 
-1.226578 
-0.224358 
-0.614744 
-0.518787 
0.981030 
0.679920 
1.800192 
-0.075589 
-0.027397 
-0.893166 
0.882545 
0.433988 
-0.623791 
-0.180555 
-0.785760 
-0.626600 
0.765157 
-0.682294 
-1.728193 
-0.552626 
0.719969 
-0.096014 
-0.584768 
0.008466 
-1.039691 
-1.376031 
0.029380 
0.347918 
0.061629 
0.135906 
0.809314 
0.030082 
-1.261116 
-1.306260 
0.503588 
0.612014 
-0.915082 
-0.185500 
-0.440596 
-0.144577 
0.635640 
-1.491310 
0.445603 
-0.489941 
-0.660426 
0.002593 
-0.022690 
0.997645 
0.014374 
0.027944 
-0.307657 
0.154462 
-0.084203 
-0.601103 
-0.617681 
-0.588317 
-0.352382 
0.437033 
-1.067160 
0.693593 
-0.079484 
1.217109 
-1.003689 
0.847396 
0.097670 
1.153192 
1.720613 
0.321023 
0.109253 
-0.375942 
0.403101 
-1.117101 
-0.745569 
1.135242 
-0.013466 
0.103259 
-0.261177 
-0.209021 
0.147138 
0.338420 
1.224127 
0.885265 
1.647048 
-1.449485 
0.179159 
-2.034921 
0.899342 
-0.233268 
0.019195 
2.023963 
-0.617160 
1.047881 
1.559532 
-1.817641 
0.312793 
-1.372255 
-0.036288 
1.465002 
-1.353639 
0.671683 
-0.034550 
1.118171 
0.103051 
0.406560 
1.232783 
1.426905 
-1.298828 
-1.110446 
-0.347404 
1.458445 
0.186398 
-2.318400 
0.061168 
0.633556 
-1.510062 
1.278229 
-0.232588 
-0.111397 
0.051829 
1.025918 
0.184446 
0.950563 
0.124652 
0.278827 
-0.256182 
-0.615901 
-1.567801 
0.201170 
0.185233 
0.673281 
0.300310 
1.392716 
-0.327939 
-0.124439 
-1.886661 
-1.786366 
0.829087 
-1.257872 
-0.291323 
-0.383889 
0.519409 
-0.368386 
0.193792 
0.534644 
0.678102 
-0.197607 
0.005374 
0.308135 
-0.393868 
-1.000507 
-0.428853 
-1.206862 
1.438448 
-0.160636 
1.229198 
1.318880 
-0.038259 
-0.285331 
0.314385 
-0.157090 
0.545207 
0.769392 
-1.351041 
-3.361484 
0.951151 
-1.364605 
-0.261940 
-0.418471 
-1.823929 
0.379241 
-0.083351 
3.249947 
-0.118147 
0.839274 
-1.135364 
0.219108 
0.145599 
-1.197689 
1.115740 
-0.653141 
-0.549069 
-0.540310 
0.259706 
-0.286360 
0.589837 
-0.150578 
1.814747 
-0.328852 
0.086055 
-1.181379 
0.866641 
-0.298930 
-0.175418 
1.527138 
0.187561 
-0.309880 
0.722068 
-0.683328 
0.943314 
-0.891380 
-0.200604 
-0.326804 
0.191651 
-1.562097 
0.514406 
0.489687 
0.501474 
0.377057 
-0.066066 
0.693253 
0.540979 
0.659459 
0.443964 
0.047320 
1.016606 
-0.861950 
0.632750 
0.138766 
-0.453070 
0.229386 
-0.901532 
-0.881475 
-0.680368 
0.271315 
1.358354 
0.327636 
0.553034 
0.558483 
0.857779 
-1.072396 
-1.089152 
-0.054132 
0.313032 
-0.747405 
0.057414 
0.334784 
0.009215 
0.824352 
-0.559881 
1.047487 
-0.393805 
-1.011395 
0.549432 
-1.130372 
0.261355 
0.012696 
-0.587067 
-0.801852 
-0.543750 
0.350961 
-1.477348 
0.707607 
0.227280 
-0.280440 
-1.260231 
2.453867 
-1.320676 
2.230029 
0.699348 
-1.818352 
-1.092728 
0.485513 
-0.112058 
-0.110821 
-1.173401 
1.943632 
0.641947 
1.589428 
0.532564 
1.537095 
0.320168 
0.847735 
-1.178352 
1.139976 
0.212165 
0.570927 
0.126493 
0.821343 
-0.791905 
0.379448 
-0.969682 
0.472029 
-2.096791 
-0.491080 
2.065809 
-0.407147 
-0.803773 
-0.467540 
0.278542 
1.334502 
-0.882845 
0.855601 
-0.000630 
0.288209 
-3.222155 
0.125721 
1.690838 
1.771134 
-0.004961 
0.618349 
0.041392 
-0.418715 
-0.179673 
0.424301 
0.384760 
0.592975 
-3.389950 
-0.436322 
-0.050242 
1.098003 
-0.808405 
1.216020 
-1.018294 
-0.774500 
0.778339 
1.975498 
0.322133 
1.614880 
-0.502158 
0.683754 
-0.939781 
-0.307620 
0.072415 
-0.690387 
1.181093 
0.011745 
-1.246025 
0.560224 
-0.409492 
0.805816 
0.030958 
1.626183 
-2.534506 
-0.494310 
-0.828674 
-0.249119 
0.554255 
0.329258 
-1.482229 
0.570410 
-0.919134 
-1.757227 
1.128127 
-1.293803 
-0.775092 
-0.067923 
0.421632 
0.254881 
-0.189540 
1.060283 
1.167800 
-0.190922 
-0.517733 
0.858654 
2.251415 
-1.973367 
-0.447373 
0.654829 
-0.036863 
-0.621776 
-0.358238 
-1.418297 
1.039528 
2.405241 
-0.053265 
-0.464701 
0.878554 
0.219454 
0.520630 
-0.400353 
-0.454545 
1.818407 
0.322847 
-0.546088 
0.511136 
0.169711 
-0.442556 
0.474964 
1.817986 
-0.109855 
0.443224 
-0.228052 
0.834347 
1.140091 
-0.644337 
0.031097 
0.688434 
0.601555 
-0.614139 
0.489403 
0.469022 
0.322529 
-0.127392 
-0.760618 
1.057166 
-0.577456 
-0.395113 
-0.383450 
0.971221 
1.068596 
0.032090 
0.524234 
-0.144646 
-0.768258 
-0.743364 
-0.818673 
-0.330426 
-0.248055 
0.306666 
-0.575548 
-1.327196 
0.181366 
0.786851 
0.366737 
-0.899513 
-0.697195 
-0.996475 
-0.957002 
-0.000170 
-0.524025 
0.140451 
0.553603 
-0.857028 
-0.203992 
-0.753600 
0.882521 
-0.374799 
-0.303039 
0.861239 
-0.562817 
-1.002321 
0.054904 
-0.009622 
-0.410682 
0.400991 
0.551877 
0.144767 
0.635272 
-0.369099 
-0.731817 
-1.608302 
-0.740097 
0.378968 
-0.723207 
-1.504156 
1.527172 
0.028474 
0.542497 
-0.134002 
0.922762 
-0.833812 
-0.229361 
0.079671 
0.705055 
0.051366 
0.790690 
0.071041 
1.663607 
-0.719544 
1.123928 
-1.147473 
0.441570 
-1.533243 
0.054785 
0.900904 
0.707388 
-0.199209 
-0.046023 
1.587285 
-1.036095 
-1.389564 
1.029132 
0.092000 
0.644699 
-1.944474 
0.004148 
-0.351425 
0.884197 
1.502686 
0.781888 
-0.425665 
-0.003999 
-1.231814 
-1.027523 
1.083393 
-1.391561 
-2.889527 
-0.246425 
2.400318 
-0.459736 
-0.344288 
0.268788 
0.117359 
-0.302500 
-1.260988 
-0.965431 
-0.289791 
0.549905 
-0.886224 
0.944612 
0.446175 
1.424431 
1.077348 
-1.388504 
-0.890942 
-1.078780 
0.890267 
-1.829435 
0.155079 
1.404202 
-0.155427 
-0.738556 
0.948219 
-0.033995 
-0.821629 
1.540368 
0.856589 
-0.544106 
-1.478974 
-0.186364 
-0.331011 
0.260459 
1.450628 
-2.218267 
0.282481 
0.652309 
-0.025720 
1.352062 
0.992076 
0.943403 
-0.395404 
-0.243512 
-0.346405 
-0.673048 
-1.447356 
-0.410647 
-0.552179 
-0.506229 
0.142977 
-0.595923 
0.460225 
1.772758 
1.506103 
0.557771 
0.000478 
0.871085 
0.522974 
-0.921588 
-0.583563 
1.283299 
-0.008704 
1.031766 
-0.703525 
0.645607 
0.698593 
-0.480547 
-0.448566 
1.346110 
0.614524 
-0.335550 
-0.801339 
-0.744751 
0.413799 
1.319552 
0.239251 
-0.228352 
-0.941160 
0.607843 
-0.577622 
0.496113 
-1.201290 
1.182749 
0.032704 
-0.071790 
0.369518 
-0.364622 
-0.918605 
1.318647 
0.310543 
0.095817 
0.859367 
-0.146759 
0.826813 
0.307390 
-1.727230 
0.736709 
1.114796 
0.054160 
-0.699786 
0.104380 
0.831163 
-0.293690 
0.192473 
0.521036 
1.172235 
-0.687771 
0.759587 
-0.714544 
-0.112190 
0.779261 
-0.878513 
0.898267 
0.138815 
-0.322697 
-0.478960 
-0.759995 
-0.410723 
-0.103719 
-1.167954 
-0.407455 
0.734005 
0.399796 
0.807152 
0.330036 
-0.713847 
-0.265852 
-0.015792 
0.977293 
0.645046 
0.259147 
-0.371746 
0.364645 
0.665523 
1.015666 
-0.199872 
0.468425 
-0.419630 
-0.363753 
-0.745487 
0.318889 
-0.260660 
-0.528120 
-0.460880 
-2.386510 
-0.421816 
-0.010004 
-1.100505 
1.618607 
0.085709 
1.317294 
-1.212494 
-0.631570 
-1.606695 
1.446710 
-1.793161 
-1.390710 
0.000479 
-0.378792 
-0.547155 
2.091032 
-0.395927 
1.705458 
0.117167 
-0.373500 
-0.787557 
0.053281 
-0.969116 
1.643175 
0.651117 
0.687383 
1.179926 
-2.234705 
-1.439340 
-0.677758 
-0.859841 
1.494968 
0.112197 
0.329600 
0.431302 
2.621943 
1.027095 
0.431594 
0.703612 
0.915408 
-0.555691 
-1.236777 
-0.357436 
0.019774 
-0.195888 
-0.146572 
0.280113 
1.430912 
0.248363 
0.243147 
1.395348 
-1.875817 
-0.637906 
-0.614070 
-0.724629 
-0.719731 
-0.885846 
0.766597 
-0.058905 
0.197233 
-0.328652 
-0.279618 
-0.241363 
-0.687147 
-0.992110 
0.417596 
-0.985764 
-0.580096 
0.571404 
-1.964002 
-0.762362 
-0.833769 
-1.118523 
-0.180660 
-0.433345 
0.821287 
-1.459291 
0.420961 
0.416691 
-0.367641 
0.059887 
0.181251 
0.404246 
1.733356 
0.133654 
0.641788 
-0.313828 
1.283997 
-0.859984 
-0.561230 
-0.276957 
-0.309268 
0.082819 
0.301639 
-1.332586 
1.192973 
-0.743771 
0.029077 
0.772937 
1.419445 
-0.749519 
0.941298 
-0.616630 
1.355860 
-0.538534 
-0.506706 
-0.117129 
-1.039805 
-0.224276 
1.471649 
-0.424433 
1.182829 
0.167459 
0.185652 
0.577220 
2.239417 
-0.522268 
1.055145 
-0.091274 
0.369824 
0.626403 
0.562746 
-1.197408 
0.254933 
-1.347793 
1.513471 
1.438423 
-0.161499 
0.045641 
1.474136 
-1.071341 
-0.551538 
1.375903 
-0.284804 
-0.204914 
-0.260855 
-0.582754 
1.225229 
0.032281 
0.344878 
1.074545 
-0.397397 
-0.541314 
-0.607153 
1.072361 
-0.829415 
-0.907425 
0.728922 
-0.516432 
0.737701 
-0.315193 
0.615142 
-0.056260 
0.160092 
-0.478772 
-1.143134 
-0.784906 
-1.095433 
0.053673 
0.857204 
-1.443887 
1.419448 
-0.761324 
0.405027 
0.205086 
0.344492 
1.055609 
0.386355 
0.104551 
-0.842301 
0.582096 
-0.405292 
-0.669946 
0.759796 
-0.003644 
0.780189 
1.140791 
-0.053705 
0.205948 
-0.856937 
-0.719259 
1.087441 
-1.177398 
-0.832720 
0.363363 
-0.785581 
-0.288853 
0.248408 
-0.347886 
1.098487 
0.472551 
-1.450095 
1.228020 
0.685896 
-1.308054 
0.374134 
-0.808539 
-0.427941 
-1.493923 
-0.648597 
-2.094020 
1.583071 
-0.106867 
-0.510663 
-0.325491 
0.364335 
-0.056852 
0.057555 
-0.458628 
0.152638 
-0.851737 
-0.153119 
-1.941075 
1.079885 
-0.203538 
0.869198 
0.643891 
0.163635 
-0.055593 
-1.720494 
-2.353046 
0.641904 
-0.246599 
1.225676 
-1.263129 
0.496033 
-0.125182 
1.596748 
0.582180 
0.579675 
-0.348631 
0.400689 
-1.624861 
-0.518418 
-0.334833 
-0.064481 
0.626354 
-0.356429 
0.973428 
-0.544897 
0.604265 
1.004039 
-0.240005 
0.504489 
1.027930 
0.496385 
-0.418306 
0.877664 
-0.531775 
-0.427689 
-0.119862 
-0.293908 
0.794162 
0.794269 
-0.296451 
0.496261 
0.299138 
1.005909 
-0.891622 
-0.169622 
2.125441 
0.202848 
-1.744556 
-0.192063 
-0.262829 
0.263963 
-0.547601 
0.378642 
1.080361 
0.591094 
0.169732 
-0.152232 
0.546319 
2.172571 
-0.589599 
1.240998 
-0.017610 
-0.022494 
0.913617 
-1.207630 
-1.582619 
-1.315518 
0.359167 
0.384115 
-0.285890 
0.422659 
-0.065525 
1.691322 
0.507812 
-0.443589 
-0.809119 
0.427793 
-1.217844 
-1.599440 
0.312440 
0.798154 
1.991263 
-0.810105 
1.260392 
-0.368978 
-0.083907 
-0.412563 
0.206791 
0.132308 
0.506250 
-0.160678 
0.783159 
1.962186 
-1.298391 
0.095707 
0.974614 
-0.513249 
1.332498 
0.401162 
-1.681254 
-0.446975 
0.251061 
0.912222 
0.145262 
0.440904 
-1.613004 
0.680160 
0.063899 
-0.628662 
0.370393 
-1.253317 
0.523749 
-1.385571 
0.348564 
0.308740 
0.657344 
-0.503486 
0.038175 
0.665306 
-0.122515 
0.338122 
1.083708 
-1.469845 
-0.797363 
0.567119 
0.918875 
1.161326 
-0.836472 
0.692378 
0.257953 
-0.952840 
-0.225234 
-1.124971 
-0.145282 
-0.141596 
0.256996 
0.203899 
-1.334570 
-0.506050 
0.568166 
-0.177269 
-0.712184 
0.176966 
0.760223 
-1.340271 
-0.418867 
-0.505573 
-0.403835 
0.249915 
-1.211009 
1.001271 
-0.514014 
0.667117 
-1.069576 
-0.127457 
0.305328 
0.647862 
-0.447705 
0.567604 
-0.007369 
0.150199 
0.637873 
0.544728 
0.734194 
-0.677173 
-0.062992 
1.134740 
1.828386 
0.504725 
0.401843 
0.942186 
-1.553772 
-0.496913 
-0.930453 
0.630962 
-1.511250 
-0.414655 
-1.872822 
0.224893 
-0.037854 
-1.445397 
-0.629108 
-0.468481 
-1.132037 
0.519734 
0.940717 
1.180803 
-1.116815 
-0.824115 
-0.959997 
1.520972 
-0.564493 
-0.288985 
0.457787 
0.654242 
1.220191 
-2.486500 
-1.779734 
0.614937 
-0.075655 
-0.878304 
2.261347 
0.675861 
-0.553677 
0.140168 
-0.446470 
-1.198958 
1.076431 
0.561143 
0.397660 
1.538995 
0.508638 
0.813985 
0.109164 
-1.123314 
-0.183150 
0.251597 
0.778295 
1.043005 
0.868896 
-0.891327 
1.180549 
0.676701 
-0.130387 
-0.073325 
-0.323211 
-0.566810 
-0.191464 
0.756681 
0.885127 
0.165064 
0.246708 
-0.415618 
0.699980 
0.699248 
0.980326 
1.016138 
0.174592 
0.119331 
-0.931112 
1.200545 
-0.153780 
0.026725 
-0.841044 
1.625088 
0.421053 
0.010786 
0.067712 
-1.467200 
-1.610941 
-0.295384 
0.579781 
1.041399 
0.949389 
-0.480364 
-0.912379 
-0.185144 
-1.774211 
-0.116677 
-1.558863 
0.469491 
-1.616039 
1.318795 
-0.200998 
0.078416 
0.226356 
-1.122301 
-0.320120 
-0.547333 
-0.782260 
-0.417330 
0.119332 
1.020690 
-0.292324 
-0.477245 
0.758580 
-0.570634 
-1.289867 
0.400247 
0.214562 
0.828763 
0.568825 
-0.917782 
-0.038358 
0.202271 
0.142277 
0.612221 
-0.210268 
0.377560 
-0.172026 
0.625644 
-0.584596 
0.297160 
0.256016 
0.747741 
0.210380 
-0.694975 
0.231952 
0.765167 
0.270928 
-0.345513 
-0.210916 
-1.373638 
-0.815611 
-1.061090 
0.121605 
0.306302 
0.904518 
0.113979 
1.391528 
0.510426 
-0.567497 
0.657581 
1.180106 
-1.057363 
-0.465934 
-1.068561 
-0.354943 
0.194302 
0.209258 
-0.162339 
0.359390 
-0.868955 
-0.231628 
0.384748 
0.526894 
-0.493845 
-0.785996 
0.505909 
0.494930 
0.264451 
-0.843122 
-0.740429 
-0.264464 
-0.565455 
0.725683 
-1.215177 
-1.107751 
-0.072013 
0.377953 
0.372431 
-0.804964 
0.949599 
0.286677 
-0.833999 
-0.484312 
0.410769 
-0.536695 
-0.060007 
-0.465325 
1.080047 
-1.206055 
-0.002711 
-0.765800 
-0.660353 
0.091003 
0.591330 
0.379679 
0.771875 
1.031100 
0.260673 
-1.110301 
1.312843 
0.202196 
0.101221 
0.861822 
-0.768248 
-0.003152 
0.868290 
0.191689 
0.145600 
0.847238 
-0.222611 
0.155158 
-0.696766 
-0.303594 
0.723892 
1.746462 
0.682167 
-0.995634 
0.125149 
0.223452 
-0.353069 
-1.901865 
0.827454 
-0.442363 
0.286967 
1.915116 
-0.882467 
-0.501429 
1.004695 
-1.439135 
-0.661257 
0.457543 
0.893413 
-1.306854 
1.352383 
-0.918667 
-1.589899 
1.288955 
0.887464 
1.495298 
0.312659 
-0.381228 
-0.938340 
1.782099 
0.942542 
-2.159888 
2.963118 
-0.582308 
-0.278702 
-0.392391 
0.020676 
0.720389 
-0.819829 
0.322438 
0.554156 
-0.224658 
0.068807 
-2.509393 
0.753364 
0.710418 
0.403817 
0.188314 
0.553873 
0.212072 
0.909672 
1.033236 
0.141437 
1.071113 
0.180569 
-0.670410 
0.168684 
-0.044040 
0.712189 
-0.441363 
-0.038828 
0.438717 
-1.575571 
-0.426589 
-0.795399 
-0.223042 
-1.325840 
0.875682 
0.274238 
-0.182991 
-0.519314 
-0.915104 
-0.414462 
-0.057783 
0.050387 
0.412386 
-0.990224 
-1.604589 
-0.299918 
-0.400695 
-0.198902 
0.809337 
-0.877665 
-1.469848 
1.542200 
0.771114 
-0.192044 
-0.355744 
-0.053889 
-0.240906 
-0.302933 
0.112200 
0.813682 
-0.296282 
0.520386 
-1.143843 
2.103987 
1.702630 
0.946494 
0.471878 
0.778839 
-0.490415 
1.291174 
-1.013467 
0.574012 
0.031877 
0.036786 
-1.136176 
0.315148 
0.235001 
-0.533444 
0.159774 
0.179700 
-0.955277 
-0.347768 
-0.032721 
-0.737760 
1.105107 
0.493520 
-0.241618 
-1.071313 
-0.077570 
-1.414282 
-0.111221 
0.773628 
1.670100 
0.263559 
0.791337 
-0.387412 
0.332973 
-1.695558 
0.861486 
0.155686 
0.475127 
-0.995263 
-0.411822 
-0.827300 
0.214799 
-0.504475 
0.712064 
0.533658 
-0.209641 
0.228893 
-0.847734 
0.786024 
-0.856543 
0.436296 
0.934626 
0.553472 
0.259501 
-0.340672 
-0.323301 
0.850129 
-0.452956 
-0.044551 
0.047384 
-1.198006 
-0.497846 
-0.142457 
0.228005 
0.063549 
1.211971 
0.104861 
-0.413383 
-0.749910 
0.057199 
0.586966 
-0.918772 
0.454729 
-0.620670 
0.654839 
0.472858 
0.235343 
0.415467 
-1.186443 
1.413174 
0.571561 
-0.545070 
1.511567 
-0.146177 
-1.431423 
-1.583171 
0.467007 
-0.136253 
-0.918512 
0.920918 
0.499626 
1.034503 
2.011105 
-0.007324 
-0.856451 
-0.522666 
-0.942181 
0.690269 
1.521381 
-0.651031 
-0.712138 
-0.724578 
-0.140265 
-0.085767 
0.979906 
0.169999 
-0.170909 
0.533941 
-0.955074 
0.406539 
-0.532217 
1.623769 
0.521835 
-0.241445 
0.343778 
1.260543 
0.820824 
-0.511400 
-1.368947 
-0.450778 
-0.775425 
-1.199366 
-1.262156 
-0.522195 
0.300184 
0.861807 
-0.325538 
0.302412 
-0.017330 
-1.118209 
-0.690286 
1.349841 
0.602443 
0.660111 
-1.508677 
-0.391158 
-0.865859 
-0.303863 
0.923354 
-0.619858 
-1.666559 
0.210569 
0.732981 
0.991447 
-0.392414 
0.104005 
1.722283 
-0.695900 
0.035089 
0.977832 
-1.367774 
-0.860381 
-1.218785 
0.458811 
-0.913524 
-0.216024 
0.287408 
0.752336 
-0.596645 
1.296557 
-1.659028 
-1.660926 
0.055803 
1.150804 
1.124668 
0.736570 
0.438960 
-1.302291 
1.310881 
-0.363014 
0.569103 
0.778401 
-1.214993 
-0.396879 
1.187420 
1.206806 
1.141667 
0.489252 
-1.388713 
-0.616019 
0.437723 
-0.580885 
-0.087436 
-0.528645 
0.923243 
-1.361892 
0.166244 
-0.073982 
0.536333 
-1.255194 
-1.200224 
-0.612686 
0.048473 
1.093055 
0.683331 
-0.498964 
1.390959 
-0.172749 
0.369164 
-0.454070 
-0.640854 
0.137950 
-0.702599 
1.025169 
-0.854606 
0.733595 
0.432669 
1.482164 
-0.588903 
0.032286 
0.378854 
1.331550 
0.610555 
-0.223623 
-1.225167 
1.423563 
-0.703603 
-0.112195 
-0.877532 
0.040577 
-0.631220 
0.462600 
-0.791275 
1.082627 
-0.209472 
0.624857 
-1.674672 
-0.468188 
-0.938467 
0.776321 
-0.004640 
0.385181 
-0.534298 
0.780005 
0.007103 
-0.558456 
0.624269 
-0.722341 
-1.158952 
-0.812673 
0.594210 
0.554992 
-0.718975 
0.756121 
-0.926021 
0.707156 
0.752329 
0.150054 
0.893209 
-0.759615 
0.604971 
-0.638678 
0.407559 
-0.571027 
-1.056920 
-0.194972 
-0.956938 
-0.540373 
0.139286 
-0.562860 
0.195209 
-1.014158 
1.101783 
0.242932 
0.462692 
0.215394 
-1.212448 
0.507395 
0.371330 
-0.794989 
-1.028146 
1.315185 
1.501575 
-1.111486 
1.513951 
0.023677 
0.035406 
0.468096 
-0.711510 
1.198725 
0.749010 
1.504179 
-0.965173 
0.408718 
3.088377 
-0.979824 
-0.047300 
0.164750 
-0.220514 
1.463085 
0.036585 
1.606903 
0.753680 
-0.169456 
0.871453 
0.505046 
0.762964 
1.020747 
-0.791597 
0.583699 
0.066617 
0.168386 
0.322811 
1.335234 
0.691379 
-2.449352 
-0.056655 
0.384033 
1.565199 
-0.815716 
-0.231629 
0.455564 
1.194708 
-0.357499 
-0.006678 
1.445451 
-0.106952 
-0.533992 
0.440009 
0.405781 
-0.214435 
0.585501 
0.678717 
-1.183901 
1.565784 
0.187283 
0.050597 
-0.044326 
-0.441061 
-1.142634 
-0.457466 
-1.240654 
0.097531 
-0.121874 
0.873632 
0.624165 
-0.724478 
-0.020353 
0.239158 
-0.802216 
0.010808 
-0.098411 
-0.139772 
-0.442693 
0.186760 
-1.099253 
0.126094 
0.663753 
0.679459 
0.543783 
0.361799 
1.021540 
0.161176 
-1.646242 
-0.789934 
0.095480 
0.831489 
1.369561 
0.142668 
1.111090 
0.227701 
-0.926953 
0.581724 
-0.667720 
-0.923504 
0.184962 
1.814016 
1.714349 
-0.656691 
0.969868 
-0.545313 
-0.195052 
-0.262633 
0.538704 
-1.306556 
-0.861101 
-1.946300 
0.053695 
-0.104547 
0.952968 
-0.777661 
1.302019 
-0.828228 
-1.800276 
1.056563 
0.845521 
0.834175 
-0.193960 
0.128459 
1.360247 
0.062544 
-1.495706 
-0.741123 
-1.271381 
-0.393795 
0.337504 
-1.358790 
-1.287924 
1.273528 
-0.338058 
0.825807 
1.058201 
-0.568668 
-0.901048 
1.075030 
-0.803382 
-0.228755 
0.386266 
-1.026224 
-1.189043 
0.248311 
0.560789 
0.082099 
-0.822065 
0.602422 
0.030437 
0.657830 
0.683431 
-1.278662 
0.596138 
0.698343 
0.519223 
0.269287 
0.510765 
1.478744 
0.137492 
-0.366980 
-1.106739 
0.923759 
0.731273 
-0.799022 
0.432878 
0.232221 
-0.245303 
-0.857392 
-0.079702 
0.285015 
0.561805 
-0.701039 
0.359800 
0.334151 
-0.039872 
-0.523688 
-0.286181 
0.170991 
-0.289959 
-0.606558 
0.367598 
0.744191 
0.419518 
-0.263276 
-0.049094 
-0.809596 
-1.090428 
-0.491061 
-1.093036 
-1.390154 
0.150985 
-0.843903 
0.954006 
-0.238596 
-0.050761 
1.543211 
-0.502639 
0.624173 
-1.747167 
1.501198 
-1.075571 
0.918243 
1.075606 
-0.464387 
0.521175 
0.556085 
0.711077 
0.937028 
-1.529204 
0.006297 
-2.456314 
0.113660 
0.578945 
-0.658355 
-0.732075 
1.731625 
1.336262 
-0.274089 
1.910928 
-1.658552 
0.027838 
-0.741421 
-0.905331 
-0.680680 
1.936094 
-0.092857 
-1.213167 
0.924273 
1.115875 
0.491078 
0.061371 
0.837756 
1.991173 
-1.809466 
0.375706 
-0.013302 
0.365828 
1.702294 
-1.760203 
-0.887026 
0.957477 
0.303580 
-0.331243 
1.297379 
1.447597 
-0.807441 
-0.266449 
1.030435 
-0.468519 
-0.618485 
0.705682 
-0.516693 
-0.727730 
-0.772774 
0.483005 
0.758206 
1.163756 
-1.093197 
0.756732 
-0.273952 
0.297438 
0.189893 
-1.883144 
-0.764360 
-0.541713 
0.082549 
1.278698 
-0.871072 
1.154999 
0.126739 
0.371727 
0.677705 
2.524135 
-0.470483 
-1.441434 
-0.604377 
-1.334519 
1.240855 
1.714239 
-1.970160 
1.834102 
-0.097768 
0.137154 
0.037573 
1.626041 
-0.099587 
-1.875401 
-0.482891 
-0.165789 
-0.505950 
1.882806 
0.030792 
1.252354 
-0.345296 
1.571118 
-1.073568 
0.305414 
0.759816 
-0.446847 
0.403407 
0.503403 
-0.403115 
-0.725012 
-0.997922 
0.472177 
0.277436 
-1.162178 
0.170373 
-0.124711 
0.693915 
0.753060 
0.468224 
-0.968573 
0.645865 
0.919293 
0.510963 
-1.045242 
-0.654260 
-1.734021 
-0.028033 
-1.386837 
-0.945886 
-0.148888 
1.524592 
-0.120878 
-0.785208 
0.884094 
0.742058 
-0.363803 
0.473190 
-1.064206 
-1.613931 
1.098409 
0.341370 
0.438811 
1.370591 
0.393420 
1.154953 
0.077845 
-0.657588 
-1.023024 
0.057621 
1.408701 
-1.175052 
-0.295310 
1.253312 
-0.560530 
0.243541 
0.825627 
-0.767731 
-0.452626 
0.868672 
-0.009678 
-0.869137 
0.323650 
-1.239591 
-0.998815 
0.630240 
0.912537 
0.007415 
-0.118117 
-0.242359 
0.578410 
-0.407475 
-0.502490 
-0.663946 
-1.098043 
-1.364112 
0.261750 
0.042365 
-0.280247 
-0.957703 
-0.419176 
-0.730144 
0.433082 
0.058407 
0.879424 
0.194751 
0.375185 
0.709176 
0.226967 
-0.186422 
0.586843 
-0.201702 
0.357570 
-0.058942 
0.298553 
0.839611 
-0.462809 
-0.750087 
-0.901198 
0.530270 
-1.861509 
-0.263325 
-0.265950 
0.416736 
-0.995619 
0.225926 
0.839291 
1.466694 
0.854754 
0.932237 
-2.590889 
-1.328422 
0.120435 
-0.355908 
1.179550 
1.467546 
-0.149552 
0.697792 
1.031509 
-0.119085 
0.097781 
-2.709632 
-1.122548 
1.637544 
3.197279 
0.612163 
0.899338 
-0.214839 
0.995703 
2.192977 
0.988916 
1.472754 
2.225876 
-1.175386 
-0.175446 
0.017777 
1.554836 
1.206693 
-1.547586 
-2.194927 
0.097261 
-0.304946 
2.040975 
0.021218 
1.195302 
-1.471910 
-0.908110 
-1.026465 
1.152856 
1.004477 
-0.835909 
0.511837 
-0.631385 
-0.920997 
-0.394512 
-0.770918 
0.183850 
1.092302 
-0.589378 
-0.020537 
1.525832 
0.974579 
-1.940321 
1.397551 
1.241979 
-0.160683 
-0.086251 
-0.634558 
-1.203733 
-0.216846 
0.570599 
0.190175 
1.389273 
-1.132310 
-0.468134 
-0.334125 
0.066739 
0.214182 
1.084923 
-1.654959 
0.646212 
0.193202 
1.339647 
-0.161670 
1.457055 
-0.463452 
0.405472 
-1.693903 
-0.774896 
0.397640 
0.290643 
-0.572861 
-0.925870 
0.307392 
-1.024068 
-0.342728 
-0.000944 
0.826498 
0.830759 
-2.086418 
-0.263255 
0.376629 
0.056980 
-2.506746 
-0.786433 
1.673721 
-0.065494 
0.754917 
-0.456915 
1.225151 
1.670965 
-0.316668 
-0.333507 
0.089658 
0.332881 
0.623633 
1.080609 
0.450256 
0.229134 
0.651235 
-0.712502 
-1.664993 
0.961719 
0.759128 
-0.581033 
1.974873 
0.720552 
-0.933383 
-0.576341 
-0.601100 
0.163174 
-0.167230 
-0.339680 
-1.106270 
0.880067 
-0.052710 
0.755869 
0.256284 
-0.837182 
-0.689927 
-1.128748 
-0.961263 
1.096952 
-1.015704 
0.761839 
0.437989 
-0.488139 
0.835784 
0.119411 
-1.588464 
-0.212279 
-0.913958 
-0.139987 
-0.430934 
0.440336 
0.457255 
-0.674177 
-0.057105 
-0.747795 
-0.101812 
-0.869764 
-0.037699 
-1.153382 
0.517522 
0.266143 
0.403021 
-1.212811 
0.436936 
-1.022078 
-1.012833 
-0.794087 
-0.773466 
-0.315392 
0.732494 
-0.131334 
-0.762127 
0.239722 
-0.208345 
0.050061 
-0.452366 
-0.333455 
-1.317654 
-0.429412 
-1.115757 
-0.166388 
0.665872 
0.604075 
0.522768 
-0.283584 
0.664214 
-0.627795 
0.300331 
-0.252070 
-0.826751 
-0.725118 
-0.627504 
-0.697835 
-0.474072 
0.948662 
-0.454886 
-0.371305 
1.269043 
-0.135909 
0.308104 
0.467665 
0.578707 
1.122846 
0.078229 
-0.224851 
-0.044774 
0.500864 
0.816319 
-0.157765 
1.437715 
0.793005 
-1.329351 
0.569714 
0.243030 
0.768346 
-0.014981 
0.305143 
0.776181 
-0.839747 
-0.572305 
-0.804094 
0.280444 
-0.248846 
-0.605488 
0.132153 
-0.659075 
0.514556 
-0.537675 
-0.579852 
-0.972843 
-0.827301 
-0.739518 
-1.031123 
-0.458510 
0.132492 
-0.578081 
-0.081553 
-0.285239 
0.292310 
-0.679318 
-0.177518 
-0.885563 
-0.669763 
-0.136772 
0.863413 
-1.038347 
0.654906 
0.371227 
-1.252730 
-1.327825 
0.733155 
-0.509243 
-0.056268 
-0.805033 
0.488405 
-0.562681 
-0.047225 
-0.385766 
-0.293696 
0.575594 
-0.349172 
-0.263982 
0.772247 
-0.160761 
0.275510 
-0.237915 
0.864392 
-0.444607 
0.851916 
-0.711068 
-0.175786 
-0.024570 
-0.446850 
0.216309 
0.774829 
-0.366492 
0.763683 
0.274201 
-0.919397 
0.872403 
0.532958 
0.538460 
-0.676268 
-0.331875 
-1.205854 
-1.377802 
0.041615 
-0.036134 
-0.177847 
0.592386 
-0.384673 
0.834431 
-0.085015 
-0.887723 
-0.365758 
-0.618070 
-0.064920 
-0.691305 
-0.126506 
0.003942 
0.183348 
0.542175 
-0.944760 
-0.902052 
0.345066 
0.554771 
-0.307972 
0.300183 
-0.110309 
-0.417308 
0.108756 
-0.360405 
-0.293127 
0.276955 
0.383587 
-0.137532 
0.485734 
-0.850095 
-1.213094 
-0.500678 
-1.196991 
-0.787705 
-0.730077 
-0.065061 
-0.089708 
-0.251369 
0.392736 
-0.793177 
0.643908 
-1.009067 
0.171337 
0.018690 
0.593827 
0.036638 
0.052808 
0.155838 
0.177130 
0.589303 
-0.468112 
-0.571728 
-0.241424 
0.365347 
0.028438 
0.656884 
-0.296980 
-0.777913 
-0.544477 
-0.594301 
-0.042288 
-0.913105 
-0.019111 
0.122171 
-0.114229 
-0.024485 
-0.982318 
0.987498 
-1.215135 
0.220480 
-0.869508 
0.645718 
0.797133 
0.146295 
-0.259725 
0.752410 
-0.230485 
0.517787 
-0.131180 
1.138080 
0.167808 
0.210769 
-0.497478 
-0.856671 
0.161837 
0.375427 
0.876080 
0.500000 
0.500000 
0.500000 
0.500000 
0.500000 
0.500000 
0.500000 
0.500000 
0.500000 
0.500000 
0.500000 
0.500000 
0.500000 
0.500000 
0.500000 
0.500000 
0.500000 
0.500000 
0.500000 
0.500000 
0.500000 
0.500000 
0.500000 
0.500000 
0.500000 
0.500000 
0.500000 
0.500000 
0.500000 
0.500000 
0.500000 
0.500000 
0.500000 
0.500000 
0.500000 
0.500000 
0.500000 
0.500000 
0.500000 
0.500000 
0.500000 
0.500000 
0.500000 
0.500000 
0.500000 
0.500000 
0.500000 
0.500000 
0.500000 
0.500000 
0.500000 
0.500000 
0.500000 
0.500000 
0.500000 
0.500000 
0.500000 
0.500000 
0.500000 
0.500000 
0.500000 
0.500000 
0.500000 
0.500000 
0.500000 
0.500000 
0.500000 
0.500000 
0.500000 
0.500000 
0.500000 
0.500000 
0.500000 
0.500000 
0.500000 
0.500000 
0.500000 
0.500000 
0.500000 
0.500000 
0.500000 
0.500000 
0.500000 
0.500000 
0.500000 
0.500000 
0.500000 
0.500000 
0.500000 
0.500000 
0.500000 
0.500000 
0.500000 
0.500000 
0.500000 
0.500000 
0.500000 
0.500000 
0.500000 
0.500000 
0.500000 
0.500000 
0.500000 
0.500000 
0.500000 
0.500000 
0.500000 
0.500000 
0.500000 
0.500000 
0.500000 
0.500000 
0.500000 
0.500000 
0.500000 
0.500000 
0.500000 
0.500000 
0.500000 
0.500000 
0.500000 
0.500000 
0.500000 
0.500000 
0.500000 
0.500000 
0.500000 
0.500000 
0.500000 
0.500000 
0.500000 
0.500000 
0.500000 
0.500000 
0.500000 
0.500000 
0.500000 
0.500000 
0.500000 
0.500000 
0.500000 
0.500000 
0.500000 
0.500000 
0.500000 
0.500000 
0.500000 
0.500000 
0.500000 
0.500000 
0.500000 
0.500000 
0.500000 
0.500000 
0.500000 
0.500000 
0.500000 
0.500000 
0.500000 
0.500000 
0.500000 
0.500000 
0.500000 
0.500000 
0.500000 
0.500000 
0.500000 
0.500000 
0.500000 
0.500000 
0.500000 
0.500000 
0.500000 
0.500000 
0.500000 
0.500000 
0.500000 
0.500000 
0.500000 
0.500000 
0.500000 
0.500000 
0.500000 
0.500000 
0.500000 
0.500000 
0.500000 
0.500000 
0.500000 
0.500000 
0.500000 
0.500000 
0.500000 
0.500000 
0.500000 
0.500000 
0.500000 
0.500000 
0.500000 
0.500000 
0.500000 
0.500000 
0.500000 
0.500000 
0.500000 
0.500000 
0.500000 
0.500000 
0.500000 
0.500000 
0.500000 
0.500000 
0.500000 
0.500000 
0.500000 
0.500000 
0.500000 
0.500000 
0.500000 
0.500000 
0.500000 
0.500000 
0.500000 
0.500000 
0.500000 
0.500000 
0.500000 
0.500000 
0.500000 
0.500000 
0.500000 
0.500000 
0.500000 
0.500000 
0.500000 
0.500000 
0.500000 
0.500000 
0.500000 
0.500000 
0.500000 
0.500000 
0.500000 
0.500000 
0.500000 
0.500000 
0.500000 
0.500000 
0.500000 
0.500000 
0.500000 
0.500000 
0.500000 
0.500000 
0.500000 
0.500000 
1.759506 
-0.940327 
-0.327311 
1.192556 
-0.165409 
-0.427523 
2.071305 
-0.692617 
1.462819 
3.884288 
-7.155079 
-1.627144 
0.409250 
-0.577624 
1.556528 
3.570545 
2.059148 
1.759080 
4.297806 
1.704665 
-0.494044 
-0.107292 
-0.451303 
-1.222122 
0.189896 
-6.783519 
-4.844369 
-3.315904 
0.003433 
0.230232 
-7.422216 
-7.150363 
1.598162 
0.723059 
0.768031 
2.476983 
1.389855 
-5.910240 
0.808386 
0.909344 
1.126770 
-0.255270 
-7.730022 
-9.548956 
-5.549874 
-7.875950 
-0.588727 
-0.356232 
0.859142 
-0.275600 
-7.316040 
-5.287166 
0.582008 
-5.618646 
-1.670761 
-5.842182 
-0.051832 
-0.679109 
1.104254 
2.149323 
-7.448858 
-5.024440 
1.665841 
0.145755 
-0.764911 
-1.769930 
-5.687490 
-0.825218 
-1.086577 
0.058214 
0.555527 
-0.804749 
-2.015244 
-6.223647 
-4.353706 
-6.624221 
-0.405747 
-0.419337 
-5.720128 
1.775561 
-6.323992 
1.350015 
-0.390265 
3.065473 
-1.540831 
2.113191 
-1.484959 
0.151379 
-5.113164 
-7.074824 
-7.838448 
-6.079367 
1.419087 
-1.855675 
1.080683 
-7.425788 
-0.572320 
-0.367317 
-1.117717 
1.091884 
-2.807211 
1.615036 
-6.671385 
-5.617505 
-7.331752 
2.032508 
-6.417139 
1.802533 
-5.822501 
4.104276 
-1.145242 
-4.753863 
-4.639399 
-5.281124 
-5.297827 
0.311108 
1.299602 
3.148403 
1.881398 
-0.111874 
-6.161847 
-3.810133 
1.478230 
0.937278 
-3.969189 
2.026402 
-8.384836 
1.219648 
2.299596 
1.024417 
-2.598986 
0.920046 
1.561877 
-7.579838 
1.357708 
3.869412 
0.633980 
-0.147816 
-6.097329 
-0.881877 
-7.619102 
1.342942 
-6.446666 
-0.010802 
1.637756 
-0.972536 
-4.294314 
2.244768 
2.529525 
1.427546 
-4.421284 
-4.412052 
1.664357 
1.466769 
-1.092196 
1.706441 
-0.906520 
1.932337 
3.299860 
-5.333928 
-5.398514 
0.075774 
0.637691 
-8.234600 
1.213704 
1.683261 
-6.396650 
1.769343 
-5.713775 
1.534385 
1.250744 
0.472492 
1.398366 
-6.077780 
2.347201 
-4.100273 
-5.614528 
2.133634 
0.612561 
2.941038 
-6.767855 
1.279291 
-1.060287 
-4.845258 
4.357126 
2.459498 
-3.012131 
1.934948 
2.007312 
-4.034365 
3.452952 
2.793738 
-7.854813 
-0.890950 
1.038208 
-6.270162 
-2.160093 
-1.096696 
-0.377842 
-1.119267 
-0.345203 
0.875591 
0.216897 
0.312001 
4.805498 
-0.886768 
4.947689 
0.830177 
-7.693201 
-5.312034 
-3.258458 
0.258809 
-1.058342 
-6.765484 
-1.136506 
0.641457 
-4.571705 
0.346555 
-0.039779 
0.610101 
-5.100978 
0.115502 
0.045504 
-5.669100 
1.117049 
-7.128659 
1.049960 
1.221780 
-0.248842 
0.920164 
0.226553 
-7.709059 
1.197583 
-6.081307 
0.688186 
0.074795 
-3.896597 
-1.424432 
-6.590914 
-0.463221 
0.410149 
0.419458 
-5.768710 
-0.833989 
-0.703585 
-0.225121 
0.549769 
-1.212632 
-8.041744 
0.132478 
1.064923 
-6.764099 
-0.712525 
-0.552312 
-6.863160 
0.239520 
-2.264297 
-0.024196 
0.788804 
-6.699041 
-3.722672 
0.836741 
-4.532826 
-5.669205 
3.424742 
1.310553 
-1.112394 
0.272033 
-1.584649 
-2.488405 
-0.289124 
-3.837968 
-2.214612 
2.330160 
1.057160 
-8.271487 
-1.540089 
-3.458109 
-0.126995 
0.635233 
0.219909 
-4.863508 
0.855403 
-6.068397 
-6.424931 
0.894932 
0.289505 
2.118704 
-0.497500 
-1.239743 
-0.520637 
0.486778 
0.745628 
0.783614 
-5.025450 
-4.697847 
-6.207067 
0.167334 
1.939995 
-5.329219 
-5.049156 
-5.443766 
-2.954381 
-5.752618 
-4.433491 
-3.696273 
0.771292 
-3.213324 
3.207478 
-5.862704 
3.272042 
-4.506223 
-4.607697 
-0.769124 
4.320057 
0.948335 
2.592814 
-4.507297 
3.359447 
-3.811128 
1.847334 
-3.731274 
-5.342306 
-5.234594 
-4.991454 
-4.089110 
2.935809 
-4.613299 
-5.914479 
-3.078270 
2.578865 
-3.496166 
-2.573824 
-4.581503 
2.674518 
-0.416632 
-5.401546 
-5.845989 
-4.319229 
6.211501 
4.809599 
-0.833907 
3.226673 
-5.195230 
1.457514 
-5.944263 
-5.579376 
-0.386654 
-4.851231 
-2.557331 
5.058517 
-5.574929 
-1.966364 
-4.743346 
5.378380 
3.276924 
-4.007556 
3.882045 
1.084598 
-4.865472 
1.925840 
-3.511079 
-5.539904 
-5.497455 
2.976160 
-1.092338 
2.033385 
0.269475 
3.490301 
2.747405 
-3.742106 
-3.151836 
1.737164 
-1.330614 
2.815532 
-3.976431 
3.172032 
-5.644647 
5.432204 
-3.216744 
-3.152692 
-3.651841 
4.990483 
-6.377778 
-2.902608 
-3.098511 
-4.641163 
2.486309 
-5.771643 
-5.344350 
0.760266 
1.099784 
0.669801 
0.389547 
1.187340 
1.163396 
0.919624 
-1.313015 
0.855262 
0.090542 
-0.270475 
-0.045865 
0.709935 
-0.144145 
1.695146 
-3.323762 
-1.768501 
-0.351572 
0.292812 
1.034210 
-1.017800 
-3.232193 
-7.313894 
-3.758768 
-0.307755 
-6.927984 
0.925013 
-8.330076 
-0.857067 
0.357211 
-0.941703 
-7.920645 
2.906834 
0.094259 
-6.456061 
-0.607414 
-7.444775 
1.571456 
0.461866 
-0.517753 
-7.491511 
-0.368260 
-6.144268 
-1.229329 
-2.712966 
0.617652 
0.178026 
1.246855 
-0.998612 
-0.996417 
-0.834961 
-7.004698 
-4.434604 
-5.776592 
1.017929 
0.556847 
2.455938 
1.539659 
-3.602584 
-8.502166 
-4.268405 
-6.052827 
1.821211 
0.186159 
1.872540 
-2.690329 
-2.351083 
2.107491 
-4.888920 
1.411693 
-0.142361 
3.602032 
1.066399 
-7.506840 
0.882177 
1.681875 
-3.461347 
-0.602012 
-1.435058 
-7.177677 
-4.968198 
-0.600525 
1.285725 
-0.518399 
1.334664 
-5.790993 
-6.968293 
-2.389350 
-0.458984 
-3.477357 
-0.060650 
-0.365675 
-1.094492 
1.855891 
2.157872 
1.056674 
-3.858399 
-0.720750 
-6.445205 
-7.643491 
-1.053504 
-1.003011 
-1.860221 
-1.895523 
-2.096559 
-1.216003 
-2.135362 
-4.957247 
-7.689567 
-3.725021 
-1.219706 
-6.186826 
-0.639017 
-1.896291 
-1.197629 
1.325810 
-2.130678 
0.444712 
-3.112782 
-0.047272 
-0.791939 
-4.362294 
-7.064721 
-1.089193 
0.309113 
-0.713497 
-1.032957 
-0.705940 
-0.327975 
-0.971725 
-1.650426 
-0.717541 
-0.750741 
-6.792893 
-0.986943 
0.477343 
-6.906905 
-0.275198 
-7.667784 
-9.432670 
-3.625566 
-1.372655 
0.590448 
-7.251170 
-0.505649 
-1.668048 
-6.353269 
-1.480380 
-1.469494 
-0.288803 
0.044780 
-1.121448 
-6.708365 
-0.512498 
-1.223208 
0.159211 
-0.726536 
-1.423175 
0.865147 
-1.793648 
-2.588016 
-0.119159 
0.645609 
-0.679277 
-4.165756 
-1.434523 
-1.232637 
-0.938264 
-2.325350 
-2.878031 
-1.754297 
-1.701691 
-1.999353 
-2.063245 
-1.160019 
-2.936423 
-1.591867 
-0.920003 
-0.570762 
-1.080600 
-5.459761 
-4.340961 
-0.155607 
-2.064447 
-2.298241 
1.187904 
-6.528663 
0.070989 
-1.401427 
0.050787 
-2.469648 
0.042238 
-2.046409 
-0.534228 
-2.254051 
-0.244708 
0.439359 
0.613015 
-7.574835 
5.302643 
-5.246970 
4.403592 
2.189831 
-5.625793 
3.161098 
2.803638 
-0.825830 
3.748716 
0.582021 
-2.601364 
2.703118 
-6.665843 
-5.137201 
1.976538 
1.132780 
0.630158 
0.818158 
-6.201404 
-6.522434 
0.870002 
-4.396815 
1.122346 
-3.766690 
1.058745 
-2.014522 
0.195094 
4.500055 
3.230726 
-0.523575 
2.328468 
-3.657597 
-8.242854 
0.889198 
-0.861496 
-4.859560 
1.570379 
0.899875 
1.492965 
1.002757 
-0.739300 
2.131837 
1.436031 
1.871182 
0.327134 
-2.061910 
-0.272898 
-6.092690 
-6.743466 
-4.636135 
0.330456 
2.707752 
-5.278948 
-8.144594 
-3.733978 
-4.457021 
4.144093 
4.210379 
-4.363000 
-7.923490 
-4.142566 
-2.221490 
0.317165 
0.466082 
-7.928543 
-0.351459 
-6.135405 
2.274501 
-0.270491 
2.352994 
3.193546 
0.702750 
0.031484 
-1.917989 
1.545927 
-4.953702 
-6.511415 
2.185545 
3.216852 
2.234712 
2.163655 
-6.613850 
-1.496174 
1.186191 
-3.635462 
-2.613852 
-5.057836 
0.220904 
-8.150306 
2.582401 
-2.340226 
-6.362365 
-6.992626 
3.817611 
0.756109 
1.171131 
1.859443 
-7.905007 
-6.851114 
-6.831633 
-7.225375 
-4.966410 
3.453445 
-8.934554 
1.701357 
0.217329 
1.941442 
1.984316 
-0.514541 
-7.670086 
2.366149 
-6.026603 
1.132378 
-6.116908 
-0.704161 
-6.661426 
-5.012989 
-0.531821 
1.334239 
0.326005 
0.223372 
0.523360 
0.224055 
0.623029 
-4.513803 
0.680147 
-0.573071 
-3.680343 
1.545541 
2.363618 
-0.686348 
-6.985210 
1.053859 
-0.265609 
0.742254 
0.540079 
-0.924363 
2.505561 
-0.837595 
2.133188 
1.934567 
-5.201718 
-3.523304 
-0.581773 
-0.789605 
0.898415 
-0.825325 
1.343529 
3.566880 
0.147231 
2.239236 
3.722582 
1.033126 
-6.142365 
1.490927 
2.474787 
2.262122 
1.299024 
-4.271465 
-3.351276 
0.512644 
-4.168965 
1.309072 
1.851776 
0.740996 
2.097319 
-7.552132 
1.872706 
-6.322924 
0.783979 
4.262740 
-5.084220 
-3.132700 
0.686549 
1.081688 
1.361692 
-3.972911 
0.398597 
-1.105626 
1.932745 
2.923709 
2.351759 
-2.431295 
-0.358840 
1.094754 
0.469907 
-1.371805 
-8.016173 
-3.126703 
-5.028438 
-3.608866 
1.117557 
-0.068384 
-5.911695 
-6.478554 
-0.113317 
1.757062 
1.161397 
-6.178999 
-0.688475 
0.610900 
3.362357 
2.985281 
0.241866 
-10.842985 
-0.048274 
-0.656294 
1.984295 
0.378702 
-0.137605 
-0.675479 
-6.182119 
-0.571965 
-4.652732 
-6.798584 
-0.130099 
-0.790782 
0.578833 
-0.633945 
-3.110805 
1.414894 
-0.612836 
0.655635 
1.775722 
0.795705 
-6.789710 
-3.600467 
-3.964053 
-0.798859 
3.820082 
-5.017586 
-0.724335 
0.135940 
-0.620296 
-1.125431 
0.158611 
-0.183552 
1.856441 
-0.030951 
-2.361674 
-6.875972 
-0.464067 
-0.609506 
-7.148212 
-0.102567 
0.733101 
-5.707965 
1.091751 
-3.642600 
-5.070765 
1.672241 
2.752642 
0.242723 
-2.807811 
0.398613 
-1.631490 
-0.483936 
-5.712887 
-5.984951 
-0.784016 
0.122038 
0.265236 
-5.150194 
-8.417458 
-7.549286 
-5.734542 
-3.960214 
-7.193681 
-7.754579 
-3.403468 
0.887485 
-3.861999 
1.776762 
-0.970098 
-6.272094 
0.977168 
-0.994747 
0.513698 
-7.302412 
-7.019676 
3.295864 
-0.720259 
1.107890 
-0.133128 
0.011268 
2.689183 
2.224130 
2.281018 
-0.450788 
-0.999315 
0.938000 
-0.585720 
0.977867 
-0.520409 
-1.834193 
-1.575444 
-1.083968 
-1.686451 
-0.009999 
-1.790570 
-1.413082 
-2.014314 
-1.016371 
-2.068171 
-0.693155 
-1.672198 
1.308077 
-0.941795 
-5.808598 
-0.502235 
-0.937099 
-2.572012 
-0.294278 
-0.843498 
3.451265 
1.249925 
6.823590 
-2.117363 
-1.260505 
5.486612 
-1.291356 
-1.715220 
-1.797053 
-1.827676 
-1.201843 
-1.711619 
-1.111412 
0.158950 
-0.274954 
-2.471173 
-3.144870 
-2.414387 
-0.706149 
-1.541407 
-1.266455 
-2.322525 
0.191177 
1.586720 
-1.491027 
-2.153252 
0.468794 
1.676800 
-1.881770 
-1.062343 
-0.526790 
-1.267262 
-2.739200 
-1.166958 
0.133288 
-0.291825 
-1.879331 
-1.944072 
-0.420024 
-0.857913 
-1.627036 
0.100486 
4.473534 
3.383756 
3.719208 
-2.385280 
-2.864986 
-0.891251 
-1.669486 
-1.495265 
-0.040523 
-1.459818 
-1.461927 
-1.752757 
-2.046581 
5.544182 
-1.924579 
-1.494489 
-3.921279 
-1.139954 
-1.068183 
-2.314442 
-2.893393 
-2.325525 
-0.545233 
-0.357141 
-3.220607 
2.566333 
-0.822234 
-1.022583 
-0.510822 
-1.523995 
-1.376454 
-2.239924 
-1.567979 
-4.349724 
-1.510779 
-4.140290 
-1.652365 
5.914224 
-2.643045 
3.930726 
3.286514 
-4.489641 
-7.405618 
-3.146935 
-1.741041 
-3.914563 
-5.319627 
-3.384136 
5.187365 
2.382026 
-4.450537 
-2.217855 
5.489307 
6.171334 
-1.761153 
0.587452 
-3.777525 
1.562914 
-2.783746 
-1.976442 
-4.618452 
2.013717 
3.175656 
-2.968938 
1.059455 
1.705588 
-3.337581 
2.099126 
3.596867 
-3.149998 
-3.038366 
-1.989896 
-5.344874 
1.515820 
5.151268 
-0.563510 
-0.568731 
-1.582486 
1.738827 
2.184596 
-4.098609 
-2.994927 
-0.723217 
-1.973217 
6.378129 
-2.791225 
3.493123 
-1.723930 
3.403138 
-2.835202 
-1.522497 
-4.573778 
2.250117 
-3.230105 
-3.974015 
-3.294421 
-4.161460 
-1.073222 
-2.418447 
2.933083 
-4.595497 
4.406029 
2.439793 
-3.433238 
-6.747582 
-2.522711 
-3.636124 
5.239923 
-5.195230 
3.505812 
4.748951 
-3.207047 
-3.796841 
-1.374535 
-2.621725 
-1.925490 
-2.349034 
-3.828441 
-3.344585 
-3.223382 
-3.532951 
-4.342913 
-4.660240 
-4.454807 
-2.193249 
-5.154369 
-3.371220 
-3.193843 
5.455064 
6.400702 
6.031854 
3.710032 
-1.636811 
5.825284 
-6.460635 
-1.923992 
-8.755900 
-6.026642 
-6.042089 
1.776903 
-9.486817 
-0.372859 
-5.523137 
1.849224 
1.354401 
-2.501281 
1.898876 
1.980358 
2.714224 
2.221957 
-6.889864 
0.295758 
-2.097843 
1.988008 
-3.439586 
-0.531764 
0.435958 
-3.967490 
2.520955 
-4.630170 
0.535687 
-8.565906 
1.605444 
1.054583 
-4.296639 
-4.875047 
1.971066 
-1.119009 
2.291692 
-4.929627 
1.128918 
1.628291 
-6.241318 
1.940659 
-1.081130 
1.416125 
0.816528 
0.638655 
-2.258481 
2.221383 
-1.453275 
2.108024 
-0.516262 
-5.050589 
0.316675 
-1.085084 
1.116379 
-6.657210 
-5.344417 
-5.349726 
-8.564421 
-6.228756 
-5.845673 
3.094092 
2.671686 
-4.048357 
-0.223612 
-1.102021 
2.008825 
-2.153046 
0.915910 
2.241342 
2.770266 
-5.789463 
4.003358 
-5.549041 
3.590444 
1.945219 
1.012366 
1.483428 
3.838560 
-3.029936 
1.553511 
-5.451673 
2.271808 
-4.309499 
1.821279 
1.244473 
-3.614399 
1.386650 
1.972918 
-0.022466 
3.245660 
1.748624 
-5.967045 
-6.280455 
-5.446228 
-0.400517 
-6.862276 
-5.730970 
0.788591 
2.367283 
1.721646 
0.299647 
1.801066 
0.565032 
1.231745 
2.298408 
0.275573 
2.192192 
1.230982 
1.071016 
2.112565 
-1.655754 
-3.266985 
-1.297509 
-2.415489 
-2.349646 
-2.589670 
-3.815345 
-6.488965 
-2.594133 
-3.439452 
-5.709256 
-3.254264 
-2.305861 
-2.813941 
-2.128919 
-8.037780 
-2.527803 
-5.012544 
-4.569294 
-0.559971 
-3.177546 
-2.213882 
-1.495036 
-3.251855 
-2.186291 
-2.026760 
-3.397526 
-2.489274 
-3.932960 
-3.329981 
-2.853724 
-1.585810 
-1.172997 
-2.946925 
-2.320728 
-2.245759 
-2.747541 
-4.029573 
-1.783317 
-2.319259 
-2.158891 
-1.139917 
-1.687180 
-4.104441 
-1.185024 
-2.047712 
-2.059876 
-1.147645 
-2.174526 
-3.596647 
-1.957835 
-2.200307 
-1.626463 
-1.110030 
-2.303619 
-0.869832 
-1.670249 
-4.063306 
-0.171513 
-2.109697 
-5.648724 
-1.102809 
-0.347642 
-3.813083 
-0.083475 
-4.392213 
-3.300646 
-1.508788 
-2.705114 
-2.927260 
-2.388708 
-2.724862 
-3.478607 
-3.793016 
-2.568153 
-2.872323 
-2.658581 
-2.712464 
-0.443011 
-1.477308 
-2.926464 
-3.567003 
-3.215560 
-2.989778 
-3.137581 
0.584861 
-2.835113 
-2.395666 
-3.088859 
-2.035840 
-2.738307 
-0.477494 
-3.636928 
-4.367819 
-4.879170 
-3.602037 
-3.520222 
-1.645068 
